6.96076       0
   6.9804 0.0196384
  7.00458 0.0225253
  7.02048 0.0189223
   7.0467 0.0228369
  7.06937 0.0227467
 7.11681 0.036176
  7.13951 0.0288498
  7.17411 0.0319716
  7.20144 0.0294483
   7.15271 -0.0130497
   7.12155 -0.0228915
    7.13066 -0.00549822
    7.1465 0.00610328
  7.16276 0.0116264
  7.17306 0.0109018
   7.17446 0.00573924
  7.18888 0.0104576
   7.19635 0.00883206
  7.20195 0.0070754
 7.22277 0.014547
   7.22044 0.00537303
   7.22482 0.00483156
  7.25311 0.0175878
  7.26971 0.0170504
   7.20507 -0.0273576
    7.21066 -0.00944803
   7.23557 0.00922958
  7.28481 0.0309805
  7.28559 0.0145647
  7.30016 0.0145647
  7.31472 0.0145647
  7.32929 0.0145647
  7.34385 0.0145647
  7.35842 0.0145647
  7.37298 0.0145647
  7.38755 0.0145647
  7.40211 0.0145647
  7.41668 0.0145647
  7.43124 0.0145647
