3193
694 -892
511 392
824 844
502 394
1047 931
501 394
510 392
-548 -1529
517 390
3 986
1601 1475
499 395
248 328
503 393
1425 720
501 394
491 397
490 397
489 398
488 398
487 398
489 398
497 395
-330 266
497 396
599 516
482 400
481 399
480 400
-11 807
363 714
967 115
481 399
576 152
39 344
1180 1178
122 155
490 397
486 398
470 403
493 397
899 122
468 403
208 571
466 404
1172 299
705 802
-150 -154
-232 -270
461 405
461 406
388 48
460 406
458 406
1449 -261
459 406
387 614
2455 2450
686 316
453 407
458 406
459 405
667 453
449 408
-67 317
268 614
448 409
561 -133
640 138
-498 -469
689 65
442 410
1246 507
-133 67
88 834
722 1087
696 726
437 412
267 832
435 412
107 79
832 395
1788 -311
431 413
1612 -1399
791 478
428 414
427 414
464 334
1726 2011
-202 689
423 415
422 416
422 415
1633 1287
420 416
5176 -1434
610 554
417 416
253 430
-176 -199
414 417
518 214
1990 -2175
-115 398
411 418
410 419
4424 -7360
408 419
239 404
631 623
405 420
400 421
36 855
183 333
178 802
-732 -479
400 422
494 1001
398 422
398 422
485 289
396 423
112 175
394 424
393 423
390 424
806 76
246 66
1069 558
383 426
239 106
239 1120
543 -1219
955 119
384 425
383 426
1417 967
815 573
645 345
380 427
379 427
-319 -76
372 428
376 428
-645 648
427 143
799 955
562 775
366 430
2965 -2354
630 481
355 433
183 448
501 1154
157 851
218 1031
1930 -1990
-1235 -298
-122 1061
362 431
361 431
470 605
191 866
357 433
357 432
357 433
349 435
355 433
354 434
-200 554
350 435
351 434
6816 8491
350 435
349 435
465 622
345 436
346 436
323 441
1785 -1729
343 437
-1933 812
323 442
341 437
327 440
3566 1015
338 438
337 438
805 -58
342 185
444 277
231 523
416 524
331 440
330 440
299 448
328 440
2961 2265
13142 20976
-146 304
327 441
328 441
329 441
330 441
331 441
332 441
-79 931
-292 -142
335 441
112 554
326 647
674 638
592 411
-189 251
-370 1433
137 -501
343 440
2878 3546
345 440
346 440
347 440
2783 3639
-96 890
33 256
139 659
351 439
-113 -456
-533 1028
354 440
-59 772
354 440
357 439
2611 -1172
486 471
73 539
340 448
362 440
363 439
1638 670
365 439
366 439
605 754
355 444
368 439
368 439
-7801 7286
371 439
-42 730
663 847
374 439
374 439
375 439
-1442 -494
477 -27
396 222
374 441
-102 296
381 439
804 647
382 439
379 441
654 379
1842 2434
-402 2444
387 438
388 438
-3634 -2338
509 749
909 357
391 438
-47 322
387 443
394 438
395 438
396 438
-587 -1661
481 553
488 656
396 440
695 717
637 174
402 437
-195 1675
404 437
405 437
406 437
406 437
405 441
407 439
409 436
678 982
1698 -863
412 436
413 436
412 527
414 436
415 438
1012 610
203 51
418 436
-51 957
420 435
-188 -417
-1635 -1885
422 435
424 435
-701 -1045
427 437
-2924 -4076
428 435
68 530
632 172
31441 14806
1019 552
-797 1535
355 837
434 435
-28 21
1216 968
824 530
595 376
625 1563
446 441
597 946
448 441
-99 534
443 434
-1299 1290
603 195
446 434
453 437
1505 -268
230 -174
450 434
451 434
62 217
413 191
454 434
361 979
1539 118
666 -40
803 336
8724 11296
460 433
1493 1025
461 431
149 724
472 433
463 430
-104 1259
480 432
466 428
476 429
468 426
469 426
470 425
479 427
477 425
1887 838
474 423
528 166
7001 7784
902 -10
477 421
497 421
-613 709
478 418
162 -124
-59 400
488 416
1314 -2147
490 415
4430 -9573
255 508
485 414
1396 1115
1059 221
493 412
546 682
499 409
501 409
1324 624
492 408
493 407
493 408
494 407
960 1034
283 1027
497 405
770 110
961 -17
1552 -14
501 402
-148 -651
502 401
902 511
906 871
506 399
964 362
516 395
953 -320
435 784
1128 218
293 495
1381 1315
789 965
-500 1558
956 -2485
100 -240
197 128
477 313
446 -2651
476 313
-444 1131
239 841
473 313
-191 -58
470 312
140 271
460 308
1852 -866
468 313
454 307
466 313
465 313
464 313
463 313
738 548
400 944
2310 3048
459 313
68 280
-14 35
456 313
455 313
-148 597
941 632
14010 -26895
452 314
-159 -69
450 314
-214 1125
-56 581
446 314
445 314
717 566
240 -392
-62 378
442 315
430 312
440 315
-79 -291
1197 273
426 312
5823 -3708
436 315
625 -137
-179 1138
433 316
432 316
431 316
430 316
430 316
429 316
428 316
-663 -1463
1582 -29
576 257
-739 283
217 509
411 315
824 -157
-977 2233
160 337
-76 336
403 314
973 -178
416 317
-932 399
-599 4149
411 316
413 317
412 317
411 318
1131 1130
930 405
118 -331
407 318
258 4
2477 -1200
586 204
-492 14
403 319
402 319
-117 2051
366 314
399 319
398 320
398 319
723 1012
580 662
395 320
3965 -2239
393 320
392 320
391 320
364 318
356 318
912 462
393 321
394 322
-6342 -2541
361 319
495 171
-675 115
669 144
210 -57
400 322
1054 405
1519 1444
-98 978
404 322
-65 -269
583 -198
130 -339
407 322
410 314
409 322
410 322
728 136
413 322
413 322
4262 507
7796 -8718
416 323
709 128
418 323
419 323
279 514
421 323
421 323
644 558
-121 -1394
117 953
420 323
426 324
427 324
1165 -210
-3350 -2562
430 324
-23 154
431 324
143 604
210 -82
434 325
-175 -365
436 325
1382 7384
-1096 -2797
438 325
439 325
440 325
441 325
382 1048
443 325
444 325
443 326
446 326
-36 739
155 741
1088 989
449 326
450 326
447 326
583 795
453 327
1318 784
438 325
455 328
665 194
457 328
-454 -713
-2638 -1861
885 -124
461 328
8 693
809 401
463 328
219 436
465 328
425 -115
468 328
470 328
469 329
470 329
-407 247
473 329
505 -496
475 330
470 330
921 1190
1070 807
470 330
910 -113
-890 702
307 -335
482 331
483 331
440 548
273 863
485 332
486 332
487 332
469 260
920 524
376 1252
-3206 -1663
492 333
-729 244
494 333
593 -338
-154 530
496 334
121 774
-158 1032
497 336
3463 1376
501 335
502 335
906 875
244 964
-931 -2947
505 336
506 335
690 1224
55 844
1767 1075
510 336
512 338
2247 179
513 338
555 30
-1996 978
516 339
518 339
517 338
518 338
421 537
219 111
523 340
1116 -138
519 501
523 339
524 340
525 340
-412 531
526 340
527 341
528 341
529 342
775 238
531 342
2190 2007
5752 -3738
783 764
543 346
194 -21
372 464
537 343
447 -74
769 387
557 350
541 344
542 345
-1499 3149
543 345
544 345
545 345
547 346
548 346
593 1161
564 351
316 87
551 347
552 348
774 -2719
369 601
644 -529
136 -4768
570 353
419 324
558 350
780 481
819 -150
561 350
564 351
563 351
564 351
565 351
427 486
821 461
459 450
568 351
575 352
-1361 -43
3515 1219
-301 897
-14 534
644 602
574 347
589 349
459 518
695 335
578 344
579 343
580 343
581 343
202 694
2360 682
966 488
1366 -151
590 339
586 339
3156 -1314
1073 -895
589 336
1101 -79
590 335
2139 2118
459 942
794 101
621 394
3672 -1586
425 586
-31 399
1538 925
-207 559
600 328
601 328
601 327
602 326
603 326
614 324
521 468
606 324
606 323
979 -206
608 322
609 321
610 320
611 319
1017 303
613 319
585 119
641 314
614 317
615 316
630 313
614 315
613 315
612 315
673 1045
-929 -1252
424 463
1543 -1269
2076 1138
1552 1274
695 162
286 23
604 314
603 314
441 82
601 314
1283 -734
599 314
598 314
598 314
723 221
596 314
-535 1082
594 314
929 1000
1244 -200
591 313
590 313
590 313
313 -52
588 313
620 306
351 236
612 307
584 313
583 313
680 608
582 313
1162 -114
580 313
1035 -119
578 313
188 -115
576 313
655 408
360 576
591 309
973 483
704 -43
571 313
115 48
569 313
568 313
567 313
1723 814
477 -373
-421 -397
-126 199
580 307
44 -289
561 312
1402 -1708
559 312
575 307
557 312
535 2448
556 312
-1472 386
566 308
-2060 -1508
421 -22
636 663
550 312
550 -526
549 312
560 307
57 -39
175 630
644 -114
545 312
-168 2038
542 312
310 601
158 280
94 606
539 312
538 312
540 310
543 308
535 312
-114 24
534 312
1767 -923
532 312
1315 778
664 -17
-4540 4050
532 309
526 312
534 305
525 312
1092 -335
523 312
521 312
359 614
519 312
430 466
522 306
179 419
65 -161
1299 883
855 648
513 312
512 312
511 312
977 1376
765 -316
508 312
429 637
-445 623
505 310
504 312
502 307
385 224
501 312
207 634
7621 8125
2255 -136
497 312
495 309
494 310
494 312
403 658
-740 1467
492 312
491 312
805 252
684 773
485 309
294 583
486 312
765 739
485 312
484 312
481 311
482 312
-189 829
-79 -555
417 178
430 192
430 193
430 194
-7075 15410
432 194
433 194
181 -145
-337 -48
803 80
1442 -1373
611 -193
438 194
114 707
405 154
-16 375
443 195
377 117
445 195
373 -51
446 195
447 195
-35 167
449 196
450 196
400 134
452 196
453 196
454 196
861 210
455 197
416 147
228 -951
458 197
459 198
454 191
136 331
425 151
420 144
424 147
464 198
206 677
8 614
467 198
468 198
443 165
-285 -302
465 191
1215 605
549 -95
473 199
475 199
-207 729
477 200
478 200
1486 -30
448 156
-48 -20
980 -173
246 90
903 370
484 201
471 181
668 348
486 201
487 202
488 202
466 168
490 202
-268 577
472 173
665 375
-2469 1067
676 259
495 204
489 192
415 715
498 205
2214 -2241
481 611
-20391 -16746
501 205
428 519
503 206
299 19
505 206
491 180
507 207
508 207
-4 -285
462 125
510 207
511 208
1015 -734
757 -237
3143 -882
515 208
1568 -7208
1441 -3423
-1319 533
518 209
63 905
633 -252
4 -42
501 170
524 211
675 414
879 692
1015 -311
-1984 -6030
379 -93
3331 3865
530 212
635 507
-191 457
1063 93
-810 1194
-427 684
535 215
536 215
1137 343
2395 -1185
539 216
527 186
4199 -3197
541 216
431 -178
543 216
986 787
757 26
1160 988
541 202
411 529
-1522 1135
550 219
551 219
233 -320
531 160
591 -246
556 221
1162 625
-267 1530
558 222
887 487
1054 537
786 -14
554 199
563 223
555 196
565 224
566 224
566 225
162 737
-3094 439
571 226
612 -295
573 227
573 228
844 -179
402 -32
157 374
577 229
320 -347
-315 492
572 198
581 231
582 231
-3413 -3351
1855 -414
915 314
585 232
586 232
611 96
588 233
324 12
589 234
590 235
131326 -60009
413 151
1176 491
1047 985
595 236
596 237
597 238
999 549
598 239
1003 631
600 240
2976 4621
1725 510
818 1685
605 241
-1021 -656
606 242
794 241
608 243
612 -593
690 94
611 244
1471 533
613 245
2038 375
615 246
-2015 638
656 3495
2236 3177
619 248
1716 -700
325 301
622 249
622 250
447 -162
624 252
7615 1360
562 -408
-378 1380
628 254
-262 -62
630 255
24884 -24516
631 256
1070 801
633 257
634 258
2542 -695
2551 4376
-155 313
638 261
638 262
639 262
54 -992
641 263
5081 5155
643 264
644 265
2142 399
646 267
723 394
648 269
499 653
4876 1340
513 195
651 272
3412 2439
-1271 570
654 274
654 275
654 276
655 277
656 278
-238 -1055
753 324
746 -387
658 282
658 283
1841 -437
658 285
658 286
674 -244
658 288
658 288
658 289
659 287
658 291
658 292
658 293
657 294
657 295
656 295
656 296
1135 469
229 103
654 299
24 -1045
654 301
566 -2625
652 303
964 285
-83 -387
649 304
61 940
1150 -232
653 284
653 283
1129 746
623 303
643 311
-397 -1368
1051 -182
-631 -3253
644 295
639 314
637 317
-87 1246
-416 50
635 319
634 319
633 320
-171 -229
631 322
371 365
661 445
630 313
510 405
1080 455
989 0
16 -168
625 326
624 325
1057 20
623 329
623 324
1199 474
-2211 998
1208 -205
478 398
185 223
617 319
-16 184
615 336
559 701
614 336
1270 1437
612 337
611 336
520 487
609 340
608 341
607 342
1532 244
83 -41
561 522
604 344
1105 160
1452 1558
862 510
428 428
598 345
598 348
597 349
597 349
1222 3119
596 351
-60 -635
594 351
-366 859
490 963
125 1143
590 354
590 355
588 356
587 357
990 813
847 653
579 353
583 360
582 360
1094 896
264 219
580 362
579 363
578 364
270 -63
969 720
575 366
626 536
-289 577
573 367
572 368
1293 207
570 369
568 371
-869 -1175
563 370
731 898
565 374
1341 374
563 375
562 376
555 374
785 163
559 377
887 449
558 379
2522 -2705
1047 1766
298 -643
535 377
553 383
699 798
702 224
-575 -2279
401 622
538 384
548 386
421 65
524 385
536 387
392 387
543 390
2740 1722
799 46
1555 1332
704 436
1072 618
683 617
1653 -769
532 394
1320 230
536 395
411 779
522 397
870 644
525 398
532 399
614 1132
530 399
529 400
606 260
495 871
143 516
526 403
526 403
14631 13456
200 397
523 406
183 669
1119 832
520 408
356 494
513 409
522 242
512 411
516 410
198 -45
1725 1752
513 413
496 416
915 367
509 416
-185 1740
1084 871
506 418
505 419
477 1409
503 420
502 421
-15091 41521
414 -93
499 423
492 425
487 427
495 425
752 427
918 20
484 429
-371 53
1076 845
465 436
121 1166
987 -424
110 81
487 432
485 433
710 383
1859 -355
551 527
27 473
481 437
753 -18
572 255
478 439
478 440
468 443
470 442
462 446
1445 -34
-400 -1815
471 444
745 965
415 462
-3 1010
242 202
468 447
1663 1619
-257 608
465 449
464 449
463 450
740 306
461 451
461 452
-881 72
-701 980
392 477
1257 -309
449 458
269 1357
420 469
396 478
147 1193
453 458
432 466
451 460
-222 -13
319 1392
425 470
447 463
298 620
-240 1218
445 464
444 464
63 654
-110 650
379 491
817 295
439 469
428 473
437 470
437 471
386 491
407 483
433 473
428 475
431 474
430 475
429 475
429 476
428 477
286 748
-7198 -8467
425 479
424 479
423 480
422 481
876 129
421 482
2954 -2558
-896 2172
360 510
533 368
416 486
309 767
330 135
906 118
414 488
413 488
-7300 843
666 391
363 511
133 464
1606 305
-48 955
914 487
406 493
702 97
404 495
403 495
6611 6868
401 497
400 497
599 233
399 499
502 348
-649 -183
251 106
535 607
48162 -46370
-95 450
393 504
392 503
391 504
2141 -875
65 735
388 507
624 359
-2611 3909
1147 1741
384 510
-35 103
727 151
621 1060
-385 -265
380 513
379 514
200 223
377 515
587 72
312 -319
374 517
374 518
693 573
2635 3426
92 576
370 520
369 521
-864 -1305
537 659
415 586
98 425
351 532
364 526
363 526
920 -205
1632 398
360 528
391 914
358 529
357 530
357 530
352 533
355 532
1325 -410
2862 -2726
42808 -51222
284 569
350 536
349 536
210 734
-1166 346
-105 1041
-6555 -9957
4255 10103
-241 -173
-1196 2073
268 580
437 -1725
334 546
-1542 1155
343 290
796 1304
613 637
-1188 -1495
1133 1163
-123 211
334 548
477 685
253 591
515 523
285 574
329 551
2235 2311
1482 507
1527 -465
864 54
216 595
325 555
324 556
-379 -155
317 560
507 389
320 558
319 559
247 598
318 560
317 561
263 589
340 477
314 563
270 587
1320 1405
279 582
-1194 2169
490 -9
1115 -160
1651 -880
1606 1730
306 568
468 630
262 819
121 129
302 572
313 733
283 -771
299 575
298 575
483 1388
295 577
138 555
286 582
-785 1050
77 804
284 584
252 602
234 612
205 628
332 1063
286 584
286 584
254 602
-50 3361
-544 1903
282 587
-155 1056
280 588
1292 620
470 1224
10 490
-131 366
391 990
791 663
420 611
875 1322
243 611
235 559
186 643
243 611
155 273
232 618
268 598
610 1581
748 432
264 600
175 1077
0 357
-254 1319
-76 233
543 701
212 631
272 2648
258 606
257 606
740 609
570 354
425 1365
-806 921
261 607
448 1016
-1215 814
167 661
264 605
-94 294
442 281
862 136
269 601
-191928 34735
270 600
-240 877
2241 3165
490 1319
274 599
-193 541
276 597
277 597
278 596
347 640
-1702 -895
-202 434
1807 158
282 593
283 593
-2270 687
745 962
-1494 41
355 376
286 591
287 590
289 589
290 589
4195 13220
292 588
293 587
622 946
294 586
295 585
161 254
297 584
240 617
-1910 2679
195 643
301 583
302 582
302 581
9807 1765
259 124
748 1752
-133 217
307 578
-698 9380
309 577
259 605
310 576
311 576
312 575
244 614
314 575
-1742 -1161
316 573
317 573
213 633
347 -540
-30 2694
166 237
321 570
655 795
323 569
325 568
482 443
326 567
919 1174
433 289
195 -27
330 565
317 573
332 564
-76 909
104 768
334 562
335 562
-51 415
1066 2458
338 560
234 -136
340 560
1117 -1930
105 446
342 558
343 558
344 557
345 556
1908 -501
-182 300
200 564
349 554
350 554
-31 -95
212 102
121 451
-3230 -217
354 551
533 843
356 551
314 1265
357 549
866 970
359 549
264 772
345 556
362 547
615 292
364 546
957 290
-1105 -912
254 609
135 539
512 211
369 543
-16 229
371 542
372 542
373 542
421 -162
374 540
375 539
-874 1991
377 538
182 935
243 791
380 537
-420 1159
-294 1116
916 432
383 535
373 823
200 791
544 537
371 543
146 661
389 532
774 566
390 532
522 233
392 531
-189 191
641 768
365 547
802 2190
397 527
303 643
370 544
398 528
401 526
1015 98
1211 2307
380 539
170 836
418 1214
406 523
353 555
730 693
-1105 1882
377 541
361 551
412 520
384 537
678 1137
414 519
381 539
1011 123
9006 857
1995 673
419 517
-68 209
422 516
422 515
423 514
385 537
1244 1801
66 206
-277 1597
686 978
1985 1747
430 511
643 506
432 511
1098 261
147 139
982 842
436 509
1579 988
120 1218
438 508
680 660
-702 1634
441 506
290 410
-934 -2345
648 1552
-1736 675
822 1830
-149 3451
444 505
448 503
449 503
450 502
451 502
485 914
411 526
441 741
605 205
8 282
886 -188
457 498
458 498
342 1148
460 497
461 497
432 -505
-578 133
-2299 305
464 496
732 795
466 495
467 495
457 501
469 494
-314 -1070
-202 778
471 492
4172 4946
473 492
-909 548
436 515
476 490
703 382
-103 1084
443 512
428 267
480 488
-1015 1988
477 491
-2176 883
484 487
-695 -601
493 -38
472 495
253 241
488 485
462 503
490 484
491 484
565 542
-47 -136
495 482
496 482
924 -27
482 492
830 640
352 326
631 1357
-1082 1215
502 479
503 480
504 479
306 684
506 478
457 281
508 477
2362 57
737 206
510 476
1025 -45
475 501
676 495
514 475
903 532
516 474
240 952
517 473
518 473
-2471 2147
427 256
521 472
476 507
523 471
524 471
525 471
695 197
527 470
528 470
784 506
496 496
524 834
598 277
534 467
534 467
535 467
518 481
852 495
338 227
539 465
540 465
541 465
1128 349
653 699
543 464
542 466
545 463
546 463
220 801
548 463
-1542 -665
596 29
550 462
551 462
-174 854
553 461
554 460
-89 853
249 18
1241 -92
557 459
558 459
722 702
560 458
549 471
215 809
2982 1850
1541 -937
3224 -2910
459 160
566 456
564 460
568 456
569 455
9 121
1367 -1867
488 381
1782 1076
603 -47
912 -10
575 454
576 453
575 455
578 453
485 440
579 454
3416 2331
438 762
897 615
347 1073
584 451
573 470
39 -249
484 317
366 -43
589 449
865 550
590 449
835 -274
588 456
805 400
589 458
588 461
596 448
790 -378
597 448
1071 370
596 945
1176 -646
-142 -1971
328 -223
603 446
492 -127
605 446
604 450
99 2658
-4551 4907
926 -2477
609 445
610 444
-699 475
853 545
613 443
613 445
-465 1005
615 443
616 444
617 442
618 442
969 202
1071 24
621 454
216 1166
622 441
-479 23
624 441
2087 -45
626 440
627 444
628 440
629 439
264 165
630 439
5365 -8392
-1196 -391
-2686 3765
-105 1745
635 439
760 194
637 439
235 685
638 438
643 446
742 149
641 437
642 437
964 568
667 878
848 239
642 -167
648 438
661 454
648 435
163 773
650 435
651 435
481 341
653 435
654 435
655 434
-2140 34
658 435
658 434
219 765
660 433
418 1786
671 441
677 444
240 715
1720 -437
643 657
980 -383
1546 -1142
-793 1189
-2673 -1540
672 433
670 432
484 873
672 431
594 586
674 431
680 434
676 431
1010 -3346
822 408
679 430
693 436
681 430
682 430
687 432
1358 925
220 637
968 259
249 -299
949 3167
692 430
693 430
992 -101
691 429
773 410
284 1327
620 400
694 428
471 365
696 428
325 722
701 428
699 427
705 -1019
718 433
702 426
293 118
734 435
706 426
707 426
977 1059
283 430
429 506
356 221
711 425
996 1176
-907 -1340
714 425
715 425
1134 798
1662 1152
797 814
718 425
-1242 0
720 424
654 512
810 173
723 424
724 424
725 424
-1350 1349
703 -250
727 424
733 425
729 423
1220 764
-9136 -511
732 424
599 115
947 470
734 423
735 423
289 -3433
788 40
654 294
739 423
991 675
1316 -341
283 1001
771 427
407 1393
999 303
583 -1136
746 422
1486 1260
764 424
642 155
750 422
751 422
752 422
601 389
754 422
781 426
756 422
757 422
757 422
774 424
759 421
760 421
795 426
762 421
-381 2000
771 422
954 204
765 421
766 421
771 421
723 817
769 421
770 421
771 421
304 345
542 487
13258 -25481
252 18
387 879
1646 -714
3132 842
244 1345
922 947
1159 246
795 422
782 420
804 423
813 424
784 419
785 419
786 419
789 419
894 259
816 422
808 421
397 140
731 127
1936 1845
-552 1354
854 426
796 419
800 419
798 419
799 419
893 797
-73 1314
856 425
422 -206
804 419
300 758
611 58
1183 907
1110 498
808 418
809 418
1324 862
1397 1169
-16 394
813 418
1195 672
2168 -1943
1003 496
2530 160
830 419
818 418
1285 1080
820 418
1374 485
913 427
822 418
-3130 -5080
697 1790
207 1509
2322 1754
827 418
828 418
829 418
829 418
909 425
845 419
626 372
283 209
396 1040
835 418
2601 -144
1452 289
339 929
838 418
839 418
840 418
2191 -328
-507 666
1139 687
845 418
1219 -63
1050 -220
246 -116
850 418
849 418
911 559
-5039 -5301
862 419
459 400
2193 1022
648 441
1264 1049
857 418
858 418
859 418
860 418
861 418
663 -6
862 418
863 418
946 426
943 425
866 419
32124 61789
4597 -1076
645 967
1025 612
732 951
1139 766
873 419
907 422
841 474
939 424
877 419
878 419
819 263
879 419
385 828
829 562
882 419
702 70
159 1440
1513 1024
885 419
934 -960
887 419
888 420
719 407
1212 -221
891 420
978 427
908 421
906 421
-764 -1887
896 420
1106 410
1151 845
961 425
930 423
1672 449
1240 159
903 421
1217 342
905 421
906 421
907 421
950 424
909 421
-2525 939
910 421
932 422
-708 -543
1050 710
914 421
915 421
978 425
917 421
421 146
918 421
919 421
-654 -117
938 421
922 419
913 404
924 418
70 491
1477 1149
969 420
1189 528
1342 250
940 794
996 418
1047 420
1598 140
1458 1175
297 -586
770 604
1393 476
1002 414
1404 643
1687 1035
939 410
940 409
948 409
1710 537
943 408
944 407
1428 383
4013 332
1058 408
948 405
711 650
949 404
755 1013
951 403
552 275
-13388 -21908
720 718
876 236
956 400
957 400
5939 4068
930 629
982 -491
960 398
1368 174
1216 317
963 396
340 -48
965 395
733 597
972 394
968 393
1208 631
970 392
971 392
1355 265
973 391
570 217
985 389
975 390
976 389
977 388
978 387
979 387
1035 167
8634 -5564
2452 -971
2224 -1003
721 1476
978 384
693 487
485 575
975 383
1040 380
1041 379
461 141
972 382
971 382
1046 481
969 380
-154 507
1115 63
966 379
966 379
976 378
699 368
1211 426
1457 -301
961 377
960 377
959 377
1051 774
984 374
1726 1121
980 449
953 375
952 375
809 1038
950 374
961 372
949 373
243 973
135 591
745 -247
954 507
101 68
1731 72
1273 -1793
511 170
2369 1988
937 368
5178 3472
1058 23
949 366
779 714
1136 196
1078 626
2539 -955
983 194
929 365
928 365
957 362
1604 316
925 365
972 358
924 363
954 359
839 -165
1481 293
344 -35
989 352
918 361
918 361
635 774
1411 1348
7829 26726
5156 1171
913 360
912 359
-458 -309
1009 345
1838 -550
909 358
1855 -422
1307 498
571 868
822 775
308 -133
1403 460
1502 995
936 350
930 350
936 349
1328 -511
773 -1031
897 353
895 352
785 253
14652 9981
1884 -880
892 352
891 351
993 157
948 340
888 350
887 350
720 557
-513 850
961 334
237 -591
333 684
964 332
891 346
409 -2883
499 972
1153 -240
855 711
643 481
857 62
875 344
911 628
146 1118
1084 628
802 746
908 335
1351 22
1348 662
868 343
-81 278
525 523
906 331
788 -129
911 330
922 325
894 332
958 316
860 339
859 339
861 338
2966 -262
1002 904
1207 355
2096 -999
446 -302
852 336
851 336
138 -1040
850 334
848 335
642 -522
600 -387
845 333
844 333
876 322
2084 -911
1171 -27
840 331
856 -255
663 193
837 329
411 573
1755 -617
1799 289
2230 1475
258 571
840 324
884 308
1696 -31
852 317
833 323
829 324
989 207
52 -296
826 321
825 321
900 291
840 313
881 297
875 296
1119 134
199 286
1043 260
1111 -380
871 379
815 313
4499 4771
814 312
901 271
813 310
812 309
273 245
850 288
867 729
808 305
808 304
1736 -359
3024 -1584
814 297
805 301
843 279
804 298
806 296
746 487
1405 652
-589 246
800 294
799 293
799 292
798 291
807 285
-668 841
798 288
797 288
-687 -3401
801 282
795 285
795 284
1034 64
794 282
794 281
793 280
792 279
-2025 963
808 265
791 276
790 275
-921 2011
1146 -26
741 -114
4047 -3517
790 271
849 225
789 269
471 164
315 -80
1837 -849
788 265
1529 -89
822 235
786 263
837 802
784 262
783 261
783 260
178 54
1275 307
818 226
780 258
1629 -765
955 495
150063 -63686
776 258
362 551
278 -1
60 -376
772 256
775 252
1716 -1083
513 261
969 718
767 255
0 51
1590 70
796 223
121 1364
763 255
762 255
665 -175
760 255
759 254
1119 1072
758 253
814 192
777 228
507 146
947 -175
-273 540
751 252
750 251
750 251
1398 -610
272 528
768 227
856 403
745 250
-536 1287
1328 10421
742 250
-180 789
747 242
739 249
777 199
756 224
956 321
-3310 -3036
734 248
-55 1161
873 -325
1925 -526
730 247
-2331 4711
945 660
746 220
550 621
796 -217
574 120
724 246
310 617
2179 1034
-2629 -5035
720 245
368 -243
728 230
536 288
583 469
730 221
727 223
2661 -208
669 313
747 184
796 1005
754 -437
-901 -1361
1284 -554
708 241
-127 1613
169 392
705 241
720 212
168 -117
709 230
805 365
701 240
700 240
1301 -206
1 108
-100 612
696 239
695 239
-852 -1387
697 232
111 634
692 238
691 238
690 238
690 235
1554 2483
687 238
686 237
686 237
685 237
-833 460
683 236
474 496
409 524
680 235
-41 -128
1414 -25
679 228
125 1662
-529 -140
1234 -129
1691 -563
-163 -113
415 443
-84 253
434 345
669 232
668 232
1188 219
682 175
822 107
921 -2611
491 262
662 232
661 231
661 231
669 194
737 458
569 -141
657 231
25335 -20670
655 230
568 221
1188 762
659 198
652 225
661 174
650 229
649 226
655 189
676 291
338 143
645 227
939 -216
374 -157
184 237
642 227
973 -184
1188 -341
-377 3493
479 -107
809 -327
358 1323
909 -569
1558 1256
2227 1274
633 224
7061 8207
631 224
630 224
3315 -1477
630 199
604 430
848 -140
625 223
37 -129
1405 -321
624 915
865 -16
331 525
332 528
619 222
738 4
-809 1363
312 789
615 200
1020 421
827 -198
613 221
201 -40
608 167
-254 2461
607 219
282 588
1070 800
604 209
354 1180
1170 -195
602 217
-1318 -1773
600 217
-8 608
598 217
62 738
596 216
595 216
202 -70
640 176
785 571
591 216
187 208
1772 1312
299 1090
821 -83
574 139
578 171
1878 1081
1831 -1461
576 177
582 214
629 -563
333 767
573 182
236 -258
574 195
108 275
569 182
749 -326
574 212
-807 -1884
573 211
789 142
571 211
772 895
569 210
289 502
580 603
566 210
-10254 39717
538 121
542 140
225 133
357 -92
1311 -817
559 208
549 180
246 352
531 131
556 208
543 171
554 207
553 207
542 178
-1782 8713
550 207
351 -220
549 207
869 76
527 154
546 206
545 206
544 206
156 -85
542 205
-1500 -2749
1152 -505
274 276
536 197
398 126
507 133
1115 918
710 344
284 -238
3614 2483
855 639
532 203
523 185
529 202
499 139
238 275
525 201
869 463
523 200
522 200
618 237
1329 -330
986 -206
25 532
820 619
513 193
499 168
515 200
467 414
-87 -996
512 200
129 -1792
666 668
248 600
968 70
275 394
321 -39
501 190
504 198
1889 -532
822 -343
502 198
465 137
500 197
499 197
498 197
658 -314
1598 -833
819 427
787 -287
629 31
832 -39
481 181
320 -44
621 81
1302 -2552
454 144
479 184
486 196
981 266
356 360
483 196
-2955 1946
81 -227
-2447 -628
-271 492
444 146
444 147
240 330
304 1357
-1090 -68
668 252
1113 484
471 194
470 194
445 161
111 -1578
468 193
81 782
466 193
-471 670
464 193
1079 -502
462 193
-231 923
999 -888
-2839 -207
795 -155
458 193
457 193
-70 300
455 193
-1346 1018
1247 -414
453 192
452 192
-121338 -28262
423 -271
412 148
423 162
446 191
446 192
445 191
444 192
433 179
539 176
434 183
-953 -1256
421 170
437 189
421 171
437 191
436 191
402 154
428 183
7563 5587
432 190
431 190
1295 30
1363 210
383 -361
779 352
1774 -6419
781 351
782 352
782 352
2697 -2089
784 353
785 353
786 354
1137 607
-1032 -774
789 355
1076 535
1844 574
791 356
792 357
793 357
860 1927
662 -307
796 359
797 359
266 -278
798 360
1203 1422
800 360
801 360
802 361
803 361
804 362
805 362
805 363
360 1022
807 363
808 363
809 364
265 465
811 365
812 366
813 366
813 366
2846 -28
1013 336
2896 -27454
817 367
818 368
1002 -63
820 368
1055 667
822 370
1251 98
825 371
1128 -1495
827 372
31 -29
550 966
829 374
830 374
-216 36
832 374
833 375
1058 934
835 375
837 376
110 -1083
1726 341
350 343
840 377
840 379
839 379
838 379
837 379
837 379
1327 475
835 379
834 379
833 379
832 378
1072 71
2032 -361
367 715
829 378
1302 399
827 378
826 378
170 991
824 378
823 378
752 431
821 377
1021 1193
820 377
-939 1473
-287 -2214
421 1776
816 377
815 377
814 376
1227 756
812 376
82 -468
810 376
809 376
808 376
807 376
921 1265
1078 -377
1461 1074
804 376
803 375
802 375
801 375
1474 -382
799 375
250 2214
797 375
3011 8438
796 376
-882 1094
794 375
793 376
791 375
790 375
173 876
789 375
788 374
347 646
786 372
785 371
1449 322
784 369
783 368
783 368
481 448
783 366
782 365
782 364
1927 -484
782 362
1485 899
780 360
780 359
780 359
780 358
779 357
1086 -216
779 355
937 92
777 353
1072 293
776 351
1659 492
778 351
777 351
