0
[6287.465514800715, 0, 596.1396427465335;
 0, 6035.262386283796, -206.2485511060707;
 0, 0, 1]
[33.80231432407935, -1435.765566101204, -1.21829767403719, -0.06136158510676542, 18611.17437102884]

1
[132197.5771943869, 0, 566.3549134259042;
 0, 3807.492534754785, 365.2677489052948;
 0, 0, 1]
[-7195.237233013221, -3.125531088075721, 57.49896448257371, 1.219974135768251, -0.0006864621422615395]

2
[8258.934624106969, 0, 686.4844655846073;
 0, 592.3868980351349, 356.4872043710932;
 0, 0, 1]
[-133.4065182162665, 4932.927975549642, 5.75900647368032, -0.03610428563388595, 28.42176078693068]

3
[7214.163671536047, 0, 734.2775573638869;
 0, 5093.989137406763, 534.1957667950763;
 0, 0, 1]
[335.3632778958548, -73939.20030069385, 1.097206077988897, 2.038165991778174, -154307.0365183084]

4
[1320.818735679159, 0, 718.3802609804081;
 0, 17.3607978380137, 378.0580659798846;
 0, 0, 1]
[-0.5138791320183331, 0.0420193173089771, -0.2924557678655481, -0.004569454128201637, -0.00129585747810327]

5
[5899.102242291989, 0, 533.8635900519896;
 0, 61.22943556516853, 325.6382310074356;
 0, 0, 1]
[-1.577113722468142, 0.9470376862961774, 0.2781853641526454, 0.01382635507069456, -0.215195138392262]

6
[4305.518039710538, 0, 710.1311508071044;
 0, 233.4285066346314, 348.732038591969;
 0, 0, 1]
[-56.04059188406912, 2708.143520083017, 1.866611339375905, 0.1139268010226074, -49260.2877973422]

7
[10228.87280234363, 0, 675.3142455831253;
 0, 438.6600193461096, 385.129583536875;
 0, 0, 1]
[-392.282682093834, 19319.33811176025, -13.33707361575815, 0.1490894016959433, 127.8655879090707]

8
[13588.06998742729, 0, 991.9511340538679;
 0, 2016.65251301828, 373.2142541527793;
 0, 0, 1]
[591.3823667292573, -122813.9680433157, -0.6931950284325366, 4.482797917191111, -349.8392267641445]

9
[4830.336954609041, 0, 530.162973312181;
 0, 293.6863307035043, 403.7024166395741;
 0, 0, 1]
[58.84587275293782, -4859.01512709151, -1.819570935144004, -1.524016597972984, 119435.6058376784]

10
[6391.604650456427, 0, 373.1062700733063;
 0, 17573.3061475501, 875.6140145207854;
 0, 0, 1]
[-362.3792011084542, 18999.24076629874, -3.19736388494041, 6.464851192680213, 17189.72116515661]

11
[4506.393609969568, 0, 557.9183004915667;
 0, 6477.969129706235, -315.2690190680846;
 0, 0, 1]
[389.3939168668749, -22472.13935496689, -1.831113042430155, -4.67259768589794, -9280.199358255664]

12
[3368.613122379516, 0, 607.4077634891347;
 0, 12065.80912177361, -296.3035077341509;
 0, 0, 1]
[-83.40940663808493, 5409.13446947577, 0.4270426140424536, 0.2072343891962438, -106845.2700606241]

13
[3119.510207627438, 0, 684.8796975136946;
 0, 1982.849486402278, -329.2418933733256;
 0, 0, 1]
[2.447998446349371, -13.41597687654716, -0.2015117126877319, 0.03211280848390539, 17.52107865997374]

14
[5021.242889765484, 0, 563.0588437171166;
 0, 7890.712886604138, 33.43752479543988;
 0, 0, 1]
[520.5383441570394, -42851.227976331, -5.706873694015544, -3.714100553733091, 19027.23449007414]

15
[3186.14432016048, 0, 786.2029562095497;
 0, 114.0403409632924, 355.734383678328;
 0, 0, 1]
[-10.6180779236172, 279.9561570061605, -0.07596621545059483, -0.006966184511331708, -2014.705198353565]

16
[17866.06281707376, 0, 769.3846559509069;
 0, 2678.555359345869, 335.251848311136;
 0, 0, 1]
[-588.8703125359949, 225652.6715734118, -0.4341006172620127, -3.617785267366073, 532.1052713069315]

17
[1059.510682222723, 0, 491.2904805005774;
 0, 155.8612201189501, 396.2148346864623;
 0, 0, 1]
[62.50616549701599, 15732.11189990804, -1.323514421120971, -2.96076132908041, -577112.3133924908]

18
[764.8960998493311, 0, 596.0135083981364;
 0, 67.93819031362501, 489.3740736413816;
 0, 0, 1]
[-0.03674291457695546, 0.00428539318757418, 0.03694880072888505, -0.003172935690212807, -0.0001178083962651369]

19
[4452.505587691192, 0, 662.3755658594046;
 0, 497.8153150842366, 414.3235797287203;
 0, 0, 1]
[-68.78150897278229, 4922.832237622057, -1.945244880806921, 0.1366229102157774, 108707.0906304545]

20
[12373.36877040046, 0, 602.0187146819666;
 0, 207.3693711436987, 347.7798545558651;
 0, 0, 1]
[-745.4084925079978, 35572.48755213604, 25.90295523691717, 0.7221060143536114, 364.4120343829479]

21
[1252.358474309096, 0, 674.9827418573775;
 0, 12.95160205477679, 378.5801429318402;
 0, 0, 1]
[-1.172460738202126, 0.1493175504877338, -0.6155596011171508, -0.007376488113586947, -0.00747973458849586]

22
[8501.80015840118, 0, 679.3805008119467;
 0, 6550.544727650546, 558.4916080485282;
 0, 0, 1]
[490.3729033510475, -142227.1371388235, 1.258105515455084, 1.886618000303846, -3252.427069493937]

23
[8263.246168678959, 0, 901.1398507996614;
 0, 22402.97839339479, -191.0854958736575;
 0, 0, 1]
[-392.4659748952766, 28645.20183461427, 3.355369994068824, -5.986745962715673, 129.6243268401653]

24
[12387.22713745281, 0, 530.3686056969766;
 0, 431.3368441620615, 351.33154710779;
 0, 0, 1]
[-458.1056604565475, 31181.51499924536, 13.74186500730207, 0.163341444711446, 162.3452998749353]

25
[6072.509026800275, 0, 691.7849894062666;
 0, 879.6773614950472, 367.0530131021563;
 0, 0, 1]
[341.0698202179575, -127582.6467824551, -0.835566913972192, -1.20171392998608, -110221.3558455598]

26
[5167.584481611306, 0, 581.8554457426465;
 0, 5862.016466407155, -311.9111728471952;
 0, 0, 1]
[682.9750031341489, -57718.69488594655, -2.097140207521599, -6.01069020866914, -1610.518226486188]

27
[11064.52587513253, 0, 1233.19531887778;
 0, 1565.725747808139, 358.0319821954704;
 0, 0, 1]
[-667.3163047826814, 36838.24651701203, -4.774542426108468, -15.12001751854353, -59.88666732328441]

28
[10882.15321991663, 0, 879.6228012868229;
 0, 26179.28835720034, -237.5945107211421;
 0, 0, 1]
[-406.0699664736928, 35491.93102123956, 3.037621004144919, -4.279490187602337, 265968.7429074437]

29
[10852.02017416584, 0, 363.6675561980092;
 0, 47181.42778297814, 1240.335367005353;
 0, 0, 1]
[-1096.781131449243, 458559.4230250264, -10.29632108084431, 12.72041965097938, -3642.905067411824]

30
[5368.879001733846, 0, 740.6298140775179;
 0, 7261.16049130715, -53.67501165583097;
 0, 0, 1]
[-98.19045900480634, 1558.882645002477, 2.056402623748429, -1.153352096689225, 57914.81143832811]

31
[9038.704075948252, 0, 861.8200098530617;
 0, 260.7641588775666, 378.4951389591086;
 0, 0, 1]
[-25.85862366641538, 2259.739135818687, 0.7021248183933492, -0.04789078778552916, -50134.56330604115]

32
[33135.20610975697, 0, 342.2708796551728;
 0, 4356.117699236303, 252.9842072801289;
 0, 0, 1]
[-663.0014973754702, 129373.7947067433, 5.396750840486495, 1.335846058775108, 390.9523794646202]

33
[4293.661658050459, 0, 333.6087438309733;
 0, 561.9181451359719, 397.2445646895981;
 0, 0, 1]
[34.08421940791792, -2196.561713789567, -0.2589994110925547, -0.2962850580721581, 34196.38357523863]

34
[4382.165161400691, 0, 664.2725169260596;
 0, 3044.26491626403, 174.9249328464398;
 0, 0, 1]
[344.8544296004901, -45901.87442553187, -0.7237201393943583, -1.614465522005793, -90131.03038980068]

35
[5388.550041556706, 0, 607.2088501847644;
 0, 759.4927688096103, 367.7531944245309;
 0, 0, 1]
[356.9675756603372, -134984.5762810173, -0.9751030016324957, 0.03082457998438559, -327.8368368934331]

36
[6602.158007379617, 0, 675.9801903801721;
 0, 258.85542493716, 361.3715867443156;
 0, 0, 1]
[-39.6761644901869, 3562.919097301346, 0.03025933297804514, -0.1005391369472507, -96258.96852006634]

37
[18229.64300585909, 0, 476.8908775407981;
 0, 37306.76670930442, 526.2471249590689;
 0, 0, 1]
[-280.1887045816106, 29235.95136465976, -2.710935301721184, 5.906405568396268, 602.0467576827422]

38
[10330.8003761079, 0, 758.8319199898302;
 0, 48929.04548411087, -38.84282059838507;
 0, 0, 1]
[-250.1510929513829, 34321.95282022777, 0.7224918753692972, -0.9824548281214129, -28718.47917343662]

39
[57070.29602983927, 0, 605.1497285793027;
 0, 6371.21694490934, 401.7038573762035;
 0, 0, 1]
[-2092.770595003297, 0.0956569106471539, -18.59810989622327, -0.1484680134868465, 7.249160573474786e-05]

40
[48439.22947712013, 0, 629.0733608636132;
 0, 7664.357224743322, 268.7511615655064;
 0, 0, 1]
[-1722.431202044858, -0.4549798702699636, 17.05878947538756, -1.783417058705586, 0.0001000961000479859]

