3193
2.8457 0.933433 -0.22618
0.231171 3.42232 0.973633
0.347595 4.61969 -0.82609
0.950226 2.82116 1.38413
3.99799 -2.28464 5.85573
1.06921 2.72394 1.45394
-0.640198 4.118 0.464342
1.50159 1.07979 4.10515
-1.99371 5.26845 -0.299395
3.03989 2.48456 4.14911
2.8739 -1.083 4.87413
0.58728 3.09212 1.16829
0.0327148 2.2894 1.17283
0.129913 3.46347 0.906487
2.73868 -0.28212 3.03484
-1.91296 5.04523 -0.297092
-1.95099 4.97641 -0.344253
1.41934 2.43614 1.65548
1.16855 2.62266 1.50482
-0.783325 4.07822 0.342375
-0.429565 3.80868 0.553059
0.627228 3.02862 1.18204
-1.13623 4.41376 0.150916
3.20609 3.56944 2.32042
-2.4389 5.4153 -0.622736
-2.03986 6.13179 -1.60465
-1.07684 4.24951 0.153894
-0.632507 3.91881 0.420496
-0.753845 4.00113 0.347693
3.96231 2.98808 5.17577
4.21439 1.03683 5.07031
0.283295 5.33876 2.19194
-1.69977 4.69933 -0.215497
-1.89438 5.76224 2.07105
3.62585 2.61268 2.74983
0.723145 5.16156 -1.25009
2.81259 2.13675 1.99109
-0.708771 4.03738 0.391009
0.838074 2.8624 1.30753
-1.22211 4.26264 0.0380949
-0.134125 3.61668 0.734429
4.25497 -1.99793 1.78716
0.434113 3.08916 1.04655
-1.03262 2.14396 -1.11608
1.17239 2.57197 1.49424
3.23535 -1.03311 2.42983
3.68439 -0.172665 4.70604
3.42014 3.20933 0.883956
3.34665 3.42156 0.550676
1.53854 2.31379 1.71697
1.27322 2.49259 1.55263
3.38788 1.31184 1.61416
-1.15952 4.13294 0.0567054
-2.16141 4.79277 -0.561577
3.1734 -1.69425 0.762125
-0.413116 3.62534 0.513861
3.57587 1.22282 3.7889
2.57376 -1.24903 5.2854
-1.37677 6.19247 0.678006
0.0852661 3.25947 0.81712
-0.17749 3.46255 0.660113
-1.01639 4.03315 0.148405
-0.341339 4.7945 0.28446
-1.84332 4.49389 -0.391401
3.64743 3.06216 2.65025
-1.8461 2.75685 -2.37024
-2.46112 4.88031 -0.781424
0.222626 3.65247 3.30418
-2.40921 6.96148 2.23295
3.14221 3.96699 0.202297
3.96915 -0.458809 1.53683
0.408051 3.0047 1.00238
3.05399 -0.784117 2.91556
3.38062 3.1172 1.67996
3.41864 2.36145 4.39286
3.21378 0.385082 4.81338
3.84012 -0.328679 4.60523
1.19205 2.49914 1.49009
4.23233 1.56624 5.7558
-1.8837 4.382 -0.451045
3.7207 2.35599 1.65496
4.49295 -2.00468 3.46639
2.85831 -1.4309 0.988427
1.11108 2.5373 1.43702
1.66437 3.19324 3.30888
3.4635 -0.200593 3.16565
-0.570343 3.53078 0.366404
1.1929 2.47921 1.48718
4.03622 0.602823 2.88997
2.64062 -0.460036 4.96477
3.26184 3.23854 3.67178
-1.04587 3.78014 0.0506445
0.997864 2.58347 1.35863
1.37897 2.36069 1.60279
1.37726 4.24708 0.244394
1.42938 2.32842 1.63354
2.09225 0.849939 1.63225
3.694 0.219183 3.67017
0.917755 2.61568 1.30496
-2.44617 2.71114 -1.00118
3.47247 3.35024 0.676954
1.33667 2.37294 1.57252
0.452484 3.27097 1.78842
2.22726 0.976936 0.672965
3.37399 3.04845 2.81864
1.32343 2.37437 1.56248
0.045105 3.07736 0.73149
2.07303 1.22684 0.626944
-0.988403 3.63366 0.0608583
-1.23364 2.40247 0.0222152
-0.962341 5.2715 -1.43131
1.63083 2.19935 1.75963
-1.06744 3.61558 -0.00405166
3.84439 2.70946 5.20678
2.96405 2.01517 2.41809
3.41031 2.03924 4.26521
1.02222 -0.254942 3.56437
0.145081 2.97692 0.783997
4.06677 0.42721 6.3498
0.30658 2.88434 0.889869
-1.12 3.6224 -0.0453301
4.44681 0.193485 2.78933
-1.62094 3.8668 -0.381775
-0.791229 1.45901 1.89201
0.357635 2.83943 0.916039
-1.58121 3.82244 -0.363597
-1.90506 3.96026 -0.581758
4.2413 -1.45698 1.5344
-1.30542 2.4661 2.77491
0.31427 5.70632 0.319264
0.277313 2.83325 0.853316
4.10886 1.74047 1.72057
1.53384 2.05788 0.880319
2.55859 1.50631 0.0737302
3.59616 -1.05342 1.83778
0.620819 2.6712 1.08361
0.00515747 2.96639 0.670105
2.87476 -0.684206 3.76541
4.05652 -1.21443 4.1239
-2.33295 6.93443 -0.0142737
-2.38657 4.08575 -0.934204
-2.06976 3.92635 -0.722219
3.31995 3.68236 1.21975
-1.77304 3.72374 -0.5346
0.572327 2.66567 1.04172
3.0307 4.15219 3.2599
-1.03113 3.80105 2.12562
0.292908 4.60246 -1.39514
4.46005 -0.290294 5.78364
-1.88306 3.71696 -0.627588
2.29712 -0.0613298 0.131884
-2.26715 6.69745 -1.43118
-0.560089 3.05667 0.246966
4.14816 2.03676 3.55156
0.774414 2.95379 -1.04672
3.47354 2.12016 4.54854
3.47675 1.89349 5.21687
2.4458 0.0596601 -0.397004
2.74936 4.67063 1.14177
3.42291 3.11075 5.20587
-2.49445 3.93761 -1.05622
-0.822632 3.2106 0.0806104
2.10849 1.92405 2.12071
3.23257 1.99448 4.17701
0.204895 2.75016 0.773368
-2.31351 3.81167 -0.94277
0.716095 2.53639 1.12124
-2.11206 3.6369 -0.832962
-0.234528 2.9236 0.47059
1.5661 2.17838 1.70206
3.0965 3.07161 3.08124
0.718018 2.51495 1.11807
-1.995 3.61575 -0.74323
2.08948 0.517744 3.86368
-2.06314 3.62526 -0.799053
1.68723 2.12441 1.78453
0.208954 3.23365 -0.0730312
1.0173 2.3816 1.31955
-0.668396 3.04364 0.155842
-0.18454 2.73111 0.45991
1.60626 3.57087 3.85964
-0.937775 3.12941 -0.0368571
2.33771 3.79248 2.55091
-0.0820007 2.69392 0.531603
1.07605 2.34905 1.35939
-2.44318 3.52587 -1.1163
2.28665 -0.419526 2.61316
-1.48315 3.29264 -0.422727
1.04102 2.35376 1.33297
3.48486 -0.283204 1.18906
3.20288 1.54104 2.07561
3.7269 0.902722 2.50755
4.00974 1.78908 3.82884
-2.16718 4.35711 -1.80163
1.30762 2.24464 1.51379
-0.382355 2.83647 0.327058
-0.529755 2.69307 0.174272
0.628296 2.47552 1.03676
2.20142 0.604254 3.06005
2.04547 0.527652 4.36634
3.91766 3.61091 2.69224
-1.07919 3.06061 -0.16912
0.108124 2.65585 0.667278
-1.74911 3.30802 -0.641043
-2.07895 3.43216 -0.873393
-1.69913 3.30702 -0.60583
-0.142029 2.76161 0.49106
4.34683 3.58202 6.52412
0.258301 -0.101628 3.31561
1.08652 2.33291 1.3565
-2.26181 1.17907 -2.20612
-0.855957 2.97714 -1.48103
4.22293 -0.691711 4.66145
-0.338776 4.35537 0.527239
2.88287 2.83655 2.20226
3.12918 3.58232 5.59463
3.0824 2.14329 0.210157
-1.26611 3.25564 -0.293537
2.3046 -0.0473425 4.57888
-1.87686 3.50767 -0.722418
0.809662 2.46555 1.16412
-0.584229 3.01646 0.185297
2.3689 -0.392074 5.20851
1.00769 1.28944 0.186645
2.65878 2.25819 2.15973
-1.01938 1.61883 -1.76963
-1.85123 3.55761 -0.695859
3.19412 2.90712 0.159449
3.28342 4.3216 4.78584
-2.37567 3.79889 -1.06297
3.48422 2.9272 4.27137
0.304871 2.69801 0.81112
0.0542908 2.81287 0.638004
2.4881 -0.954865 0.374567
-2.34918 5.22448 -1.39045
3.65128 2.48075 3.5673
1.21277 2.297 1.43307
-1.24432 3.39866 -0.271027
1.23114 2.33317 1.46351
1.57785 3.52831 1.46121
-2.32141 3.89182 -1.01538
-0.792725 3.2288 0.0512988
4.2319 -0.31999 5.31498
1.37918 2.25673 1.55872
-1.54916 3.58529 -0.476528
0.0312195 2.87674 0.623165
2.1275 4.54716 4.27159
0.0709534 2.8745 0.653954
4.42502 3.40778 5.45617
-0.758759 5.263 -2.74321
-0.317841 3.06621 0.382662
-0.807892 3.29787 0.0407155
-1.45026 3.60245 -0.407512
1.63019 0.490906 2.6048
-0.391754 3.71722 3.12271
4.14667 0.893649 2.33499
-2.24194 3.95389 -0.98937
3.5058 3.10266 2.51416
-0.62674 3.255 0.16712
4.06976 -1.17977 4.52236
-0.427429 3.17056 0.306194
1.45822 2.25676 1.61845
3.96786 -0.28724 3.08096
2.53381 -0.205372 5.03585
1.43152 1.15742 -1.24639
0.0643311 2.95493 0.653635
0.157043 2.91329 0.718121
2.29285 4.80021 0.170488
-1.49277 4.78833 -3.14392
3.1467 -0.0621406 2.56663
0.416809 2.79863 0.898803
3.77283 3.05074 2.72205
-1.69592 3.82097 -0.619874
0.737885 2.64508 1.12213
-1.69272 3.8956 -0.568491
-1.90848 4.01504 -0.718563
2.54193 3.05351 -0.467783
4.27933 0.336526 4.24243
4.38657 0.217183 4.96133
0.431763 2.8114 0.901112
-0.288788 4.89018 -1.19024
3.95355 -0.183298 2.07199
0.214508 2.94829 0.762059
2.65793 2.6344 4.49266
1.08994 2.48739 1.36902
0.118378 3.01189 0.695409
0.935059 2.57507 1.26164
-1.84055 4.08243 -0.662778
-0.99588 3.61077 -0.10605
-1.57736 3.94274 -0.496944
1.15359 2.46458 1.41504
3.42484 0.260595 4.9282
2.70407 -0.654782 0.199013
-0.632507 3.4625 0.180645
-2.00012 4.23118 -0.764529
-1.83862 4.13368 -1.522
0.706055 2.72748 1.10574
0.0675354 3.08947 0.655389
3.17233 -0.411762 3.32122
4.03409 1.93066 1.44967
-0.922607 3.66913 -0.0198465
3.95248 3.17892 5.89382
-0.277252 3.31069 0.431226
3.23001 3.16469 0.224355
2.3298 3.505 0.313196
0.563141 2.83657 1.01016
0.129272 3.09749 0.711277
2.50818 3.13207 0.468487
0.63385 2.81078 1.05168
2.14651 3.14061 0.448223
-2.20029 4.50282 -0.895924
4.43399 2.7388 4.25603
-1.76663 6.16921 1.88681
2.03436 -0.684512 3.25817
0.809448 4.46822 0.831658
2.77756 3.92028 4.67352
4.23212 1.07412 5.78
1.56567 2.26542 1.7008
-0.09375 0.85776 2.72331
0.991028 4.58995 -0.0384518
3.15802 0.164362 3.07241
-2.22592 6.2869 -0.290646
3.03027 0.878415 5.61388
-0.552612 3.63772 0.205075
0.045105 3.99305 -1.84612
-1.24496 4.10111 -0.281875
3.83008 3.32393 3.71159
1.4516 2.34732 1.62343
2.42422 3.57932 3.19857
4.46219 -0.543513 2.21817
1.34885 2.41819 1.55287
-1.77518 4.48234 -0.620757
3.09863 -1.61194 0.822998
2.71924 1.92688 1.39859
-1.72156 4.42315 -0.55547
-2.0578 4.6511 -0.786356
4.23703 2.71282 2.32156
4.19409 0.775403 2.17287
-2.32013 4.85129 -0.966489
3.08154 1.53503 4.21574
1.02307 5.29712 2.10183
3.52908 0.178091 1.23527
-0.333008 5.57958 0.969469
2.09119 0.0542822 4.53873
-0.294983 3.55332 0.431344
2.88992 -0.899532 3.92475
-0.812592 3.90631 0.0874377
0.639832 1.8615 0.0813933
-1.67648 4.59443 -0.517715
-1.91681 4.68084 -0.646022
2.88522 2.65252 4.43409
-1.35477 4.4364 -0.289621
-1.31268 4.28943 -0.223178
0.0538635 3.39385 0.689344
1.47958 2.36198 1.65306
-0.791016 3.95164 0.138599
-1.17596 4.22318 -0.110252
1.18649 2.58872 1.45681
0.937836 2.76362 1.29456
2.81729 -1.46751 3.38591
-2.11996 4.92682 -0.710624
-0.495575 4.11339 1.9595
2.12643 -0.152986 4.40978
4.09177 -1.7266 1.10583
-0.382782 3.71031 0.443249
-0.684631 4.06149 0.246251
1.34308 0.680706 1.09693
-2.19473 5.02953 -0.712594
3.43915 2.09836 0.977532
3.82111 3.13632 3.09358
-0.0379944 3.51909 0.691628
2.46118 0.703888 -0.659909
1.35611 2.48445 1.58825
2.07965 1.15552 0.061908
-1.71771 2.60882 -1.24368
-2.14688 5.06869 -0.635573
2.78546 -0.368718 3.87573
3.29047 -0.80675 2.19681
-0.69873 4.04921 0.299396
-0.657074 4.37016 -1.4704
-0.155273 3.66937 0.654352
-2.42224 5.44661 -0.760033
3.31866 -1.74138 3.5305
1.10126 2.67905 1.44078
-0.676514 4.0282 0.340562
0.344391 3.25826 0.973522
1.54987 2.3431 1.72192
3.46393 -0.819331 5.20069
3.86127 1.56656 6.0353
-2.30048 5.30659 -0.637625
3.83286 -0.659512 1.77093
3.33725 -0.578106 1.40712
2.9397 -1.20035 1.58981
0.00942993 3.54822 0.792387
3.01233 2.85633 -0.0541121
-0.127716 3.66435 0.713914
4.41562 -2.30111 4.12307
4.42288 -2.3413 6.30834
-0.172791 3.71922 0.697372
4.21802 -2.29634 3.12535
0.80603 2.97593 1.2959
2.5885 0.876873 1.29287
3.6203 1.00375 4.52894
3.785 -2.18948 2.26137
-0.704498 2.70054 -0.266878
3.08261 -1.22425 5.12754
0.0470276 4.92536 -1.93119
2.84677 3.46123 4.96019
1.68317 2.60697 4.09539
3.7818 2.39833 0.216741
-1.66452 2.06478 2.29076
-0.667542 3.92063 0.974478
2.27682 1.82218 0.0539946
-0.832031 4.02648 0.911241
2.64703 3.02684 3.57104
4.21396 1.7255 5.77131
-0.573547 3.82436 1.01061
3.62244 3.54636 1.11216
-0.974945 4.08489 0.862595
4.453 2.30296 2.6845
-0.311005 3.56327 1.14163
2.68784 -0.858654 0.235161
0.807739 2.82928 1.54164
-2.08899 4.70195 0.496176
-0.831818 3.9571 0.911323
-1.53506 4.43527 0.640964
-1.12341 4.14474 0.799221
-0.676727 3.82722 0.97321
4.47223 -1.38703 4.40356
1.72546 2.1448 1.46176
2.41205 -0.184108 4.97559
-0.582733 3.73904 1.00708
-1.1514 1.04333 1.05339
-0.0815735 0.936159 2.64694
-1.21954 4.14636 0.762264
0.11026 3.25563 1.2735
3.28256 3.08453 3.40211
3.48401 -0.78688 3.75155
2.03864 0.664944 -0.613598
0.945099 2.69155 1.5921
2.89655 2.78394 1.48662
-2.07468 4.65307 0.424458
2.3862 2.39082 2.93229
3.63782 3.00741 3.72643
1.40994 2.37895 1.77184
-1.33896 4.13693 0.708936
-1.75296 6.95343 -1.81629
2.57098 1.92825 1.21095
3.80402 3.14023 2.98709
-0.0125732 3.27016 1.21733
0.179901 3.09397 1.30594
-1.35562 4.10286 0.695036
3.74399 3.17434 0.0334422
3.35242 -1.4048 2.38293
1.1395 2.50822 1.67185
2.21124 -0.975228 -0.0429721
-0.313995 3.42439 1.10011
4.28616 -0.489094 0.300318
3.44641 3.33537 5.53724
0.645172 2.82494 1.47011
0.836151 2.70607 1.54481
1.04657 2.5763 1.6271
0.664612 2.8042 1.47771
-2.271 4.5626 0.329566
0.687256 2.78473 1.48657
-2.19153 4.49629 0.360647
2.47293 3.00864 0.0807205
2.26657 1.07167 1.87349
-1.95697 5.82637 1.03848
2.98285 4.28402 2.30318
-1.11017 2.21532 -0.71824
-0.691895 3.49286 0.95509
0.211304 4.83923 3.42065
1.57657 0.763631 -0.195129
4.2334 2.16214 2.99152
-0.426361 0.385656 0.929324
-0.821777 3.50848 0.908353
3.72562 -1.38165 0.541169
-2.4765 4.53668 0.239243
2.74017 4.07721 2.44275
1.69684 1.40197 -1.02368
-1.62073 4.00932 0.578926
-1.75446 4.09415 0.523247
-2.03174 4.23985 0.414183
0.141663 3.02828 1.26492
3.22916 -0.892062 4.98339
1.59686 2.7467 1.75272
3.44662 2.2602 0.223344
1.05319 2.51548 1.62548
4.2868 1.60672 1.10976
2.35287 -0.0177618 0.800217
4.05139 -0.0347658 2.22892
0.709045 -0.201479 2.46987
1.22516 2.41325 1.69179
-1.65405 3.94071 0.546499
2.24606 2.18901 3.16374
-1.0416 3.34476 0.823373
1.27023 2.38272 1.70971
-0.728424 3.42484 0.90863
-2.48163 4.33045 0.207349
2.12003 1.83994 2.25569
3.66708 0.372581 4.09359
0.416809 2.8127 1.36672
2.11575 0.907462 1.30573
0.688751 2.66728 1.4755
-1.05527 3.548 0.771104
-2.36008 4.19942 0.24628
1.18692 2.354 1.67852
-0.247772 2.93734 1.10962
3.40091 -0.528976 3.05803
-0.773071 3.41119 0.878447
-2.37994 4.23864 0.218823
2.17664 4.88497 0.807122
-1.42355 3.47139 0.63445
3.22382 1.06446 2.03524
2.84186 3.82191 1.90638
-2.10736 6.91953 2.15999
4.45215 1.87432 0.665359
-0.175568 3.1458 1.11527
2.57269 0.762722 2.35173
2.60965 -0.0259401 3.95776
3.51135 3.08854 5.09167
0.0354919 3.0521 1.2011
3.6282 3.04132 0.252862
-0.0948181 4.06302 3.87766
3.68396 2.25184 -0.101872
-0.89975 3.57875 0.820768
2.91833 1.49308 2.35438
0.507172 2.8194 1.39292
-2.42801 4.44032 0.199276
-0.380859 5.20767 2.14238
-2.16333 4.32221 0.306912
-2.24493 4.37716 0.273727
2.23367 -0.379291 2.20282
2.10443 0.0140525 -0.318078
0.58963 2.79921 1.42332
3.59018 -0.0635099 1.87476
-0.131775 3.21748 1.12834
1.31104 2.39501 1.71829
2.74573 1.83278 2.66148
1.52936 2.27193 1.80756
-2.11954 4.38933 0.315567
-1.97983 6.52627 -1.96335
2.61948 2.48262 -0.408141
3.46436 2.26408 4.90479
-0.653015 3.52983 0.91264
1.56973 2.25434 1.82311
-1.75745 4.22942 0.455272
2.62332 0.479424 1.42331
2.19394 3.71677 0.679889
-2.4201 4.65206 0.182846
3.99115 3.06334 1.97117
1.05234 2.57281 1.61041
1.6413 1.95814 1.60121
2.74893 1.96073 1.54546
-1.9339 4.40405 0.373988
3.70105 3.55221 -0.235742
0.739166 2.77611 1.47886
2.12387 1.63069 4.2373
2.32446 3.04377 -0.399336
-0.960632 3.84217 0.776272
1.0705 2.58042 1.6158
1.13629 2.54126 1.643
-2.00247 4.51711 0.345645
3.58932 1.23664 5.52875
1.04999 2.60167 1.60733
-0.275116 3.44596 1.05962
-0.0736694 3.31341 1.13924
1.36765 2.40471 1.73722
4.3056 3.30432 5.33829
-0.566284 1.77948 -1.7302
3.65256 -1.71288 5.4258
1.21277 2.51083 1.67286
1.4704 2.34483 1.77992
0.195709 3.1604 1.24808
4.28317 -0.24839 5.62753
-0.0215454 3.32973 1.15544
3.03775 -0.92869 3.62099
-1.23065 4.00839 0.664598
0.812225 2.78921 1.50113
-2.33124 7.15232 1.62898
0.566345 2.95896 1.39786
0.973083 0.345985 4.24275
2.26657 3.88494 0.653093
4.31393 -2.02523 0.356374
-2.27911 4.90029 0.193263
4.43335 3.10355 5.24413
-0.623749 6.0666 0.413504
0.534943 3.00275 1.38142
3.62137 1.88074 3.11945
0.0662537 3.33214 1.18353
4.25989 0.667048 0.445264
-2.34235 5.02034 0.166565
-2.46005 5.12204 0.116867
-0.592987 3.81488 0.899905
-0.843353 3.99038 0.794205
2.12344 2.18431 2.02713
-2.16183 4.95028 0.233532
3.01874 1.19536 0.328516
-1.80594 4.7149 0.376133
0.969879 2.7218 1.56147
3.28577 -0.352902 5.31275
3.76642 -1.88663 4.85781
0.404846 3.12026 1.32167
-0.501129 6.50754 3.71063
2.60751 3.64082 2.82434
0.721436 2.37614 3.58307
-1.46799 4.53548 0.512619
0.862 2.83453 1.51192
-2.41391 4.769 -2.28289
4.03366 1.57507 5.57681
-2.00803 4.96594 0.272095
0.933777 2.79137 1.54034
-0.315277 3.7236 1.00186
-1.2298 4.25486 1.18932
4.02618 -1.69919 3.84727
3.15695 1.46022 5.16021
1.72418 -0.34225 3.2572
0.125 3.41667 1.1875
2.96213 4.21068 2.20379
1.08481 2.69555 1.60342
2.97174 1.02036 0.78958
3.23193 3.06087 3.14159
1.38452 2.47187 1.73192
3.98581 2.3415 5.05274
3.02664 2.89493 4.2382
-1.24155 4.49305 0.572677
2.39645 -1.24423 3.2061
1.37662 2.48484 1.72708
-0.845276 4.21932 0.748079
4.08109 -1.7301 5.72085
3.83072 1.75207 5.68375
2.36462 3.02259 -0.832403
-1.95697 5.12595 0.250248
0.855377 2.90552 1.49637
3.11572 0.602897 4.96907
4.32825 2.78392 5.98602
2.87476 -1.4506 4.00152
-0.525482 4.02039 0.883176
-1.39813 4.74215 0.487215
2.18582 1.04419 2.00912
0.879303 2.90549 1.50104
4.43869 -0.231357 1.21179
2.34882 3.90693 2.71379
-1.56796 4.91524 0.399152
-1.96039 5.25618 0.217896
-0.99353 4.44804 0.66289
1.16321 2.68617 1.62623
-1.42014 3.97603 -1.22874
4.37418 1.82432 1.71309
0.845764 2.96156 1.47876
0.436249 5.62134 3.16613
-1.15802 4.60237 -0.694352
1.0816 2.76533 1.58774
-1.49725 4.92215 0.42235
-1.07834 4.57896 0.611327
3.01596 3.53081 2.94244
0.72998 3.06964 1.42708
-1.38596 4.85925 0.465033
-2.42737 5.74851 -0.00707357
-2.17337 5.54273 0.0987979
4.17764 -1.18505 2.42967
0.0844116 3.63464 1.12734
2.3627 0.185765 3.67483
2.13156 0.170534 0.71783
4.39447 -1.55391 5.61818
-0.83844 4.50997 0.679163
-0.908081 2.03402 3.31617
-1.1702 3.44928 -0.414023
-2.30496 5.74053 0.029284
4.34406 0.492552 0.625934
-0.316986 5.35796 0.680662
0.325165 3.5405 1.20056
-0.471863 4.16975 0.85745
0.0837708 3.69028 1.11297
2.34262 3.44703 4.56085
1.43365 2.5009 1.73696
0.51593 3.31588 1.31073
-0.787384 4.47767 0.705415
0.258301 3.55592 1.18721
-2.39896 5.93951 -0.0528463
2.96255 1.02909 4.40934
-0.618835 4.45371 0.748105
4.38998 1.242 1.56706
-0.830963 4.56045 0.672593
-0.837799 4.57294 0.663081
2.32275 1.52857 -0.323382
-2.4765 4.01011 -2.94149
3.25031 0.578209 -0.153793
2.22107 2.02948 -0.723761
-2.40707 6.19491 -0.133576
-0.109772 3.21109 1.13375
0.917328 2.99846 1.48513
-1.36053 6.96285 -0.701725
3.8634 -0.932454 0.552194
1.66266 2.31335 1.83958
1.47894 2.48794 1.75017
-2.43805 6.14218 -0.120401
-2.29044 6.01394 -0.0498749
0.252106 3.63914 1.16489
-1.50238 4.08231 -0.857569
4.29364 -1.62112 3.73027
-2.23938 4.85236 -1.08382
-1.37527 5.19526 0.387369
-1.86447 5.72487 0.137205
1.51248 0.108652 2.24839
1.61737 5.1808 0.986207
3.35349 3.66434 4.49625
0.649658 1.30806 0.735314
-2.48676 7.09613 -2.96719
-0.837799 4.73059 0.669388
1.16385 2.83591 1.60397
2.98328 1.33643 2.8813
2.70813 1.10498 2.31076
0.577026 3.38187 1.34227
-0.511597 4.44462 0.844666
-1.21484 5.13626 0.528316
-0.710266 4.65004 0.7593
-0.841431 2.08647 -1.79569
1.63232 3.9947 1.51931
4.13129 -2.13976 3.75079
2.85104 -0.504106 1.33682
-1.79205 5.7921 0.294121
-0.289856 4.2695 0.972109
2.34433 -0.553765 0.730522
2.93777 -0.071241 -0.473714
-0.0375671 4.03304 1.09894
3.93796 -2.41757 0.84202
0.721863 3.28098 1.43762
2.32468 0.417641 3.58932
2.98734 1.33359 3.93198
-1.4101 7.15654 2.50183
4.36349 -0.550696 3.38422
1.73251 4.32858 3.16766
0.293762 3.00247 0.178621
3.81961 3.00937 3.09163
3.13965 -1.84123 4.1819
3.20865 3.19967 3.20777
-2.40173 6.51911 0.14149
1.03098 2.99702 1.59301
-2.11911 6.23811 0.279127
-2.30838 6.44242 0.209629
-1.46158 5.57696 0.561522
1.11279 2.94162 1.63491
-2.22229 5.50229 -1.25583
-0.834595 4.94798 0.834667
-1.54874 5.69857 0.548961
3.94159 -1.83092 0.221342
-0.416107 4.52886 1.01745
-0.414825 4.53288 1.02334
-0.21637 4.32965 1.10853
-0.701508 4.84559 0.919397
4.32462 -2.80758 2.835
-1.27188 5.46092 0.698518
-0.562866 4.53296 2.25895
0.911346 3.22889 1.57866
-0.455841 4.60865 1.03404
-1.62714 5.86089 0.581387
0.891693 3.22115 1.57566
-2.11249 6.35924 0.400699
0.389465 3.70359 1.37368
-1.94394 6.16305 0.466246
2.88821 0.92679 3.96637
2.56564 3.58268 0.00283262
-2.4201 4.58726 -1.34843
1.41592 3.97621 4.08787
2.405 0.0900018 2.99026
3.11935 -1.81395 5.11926
-2.41968 7.58062 1.96851
4.21524 1.46296 1.24348
-2.18533 6.33415 0.381671
-2.30368 6.44714 0.33591
-2.17316 4.62132 2.8104
-0.0367126 4.09555 1.21247
1.61887 3.04183 2.85241
-1.04993 5.12448 0.820695
1.60519 2.40358 1.84734
0.257874 3.77697 1.32638
0.120941 4.50454 1.71162
-2.11526 6.17928 0.408764
2.97324 3.7655 4.24381
0.528748 3.4876 1.43112
2.93393 0.274261 3.9625
2.70236 0.148025 1.36629
-0.186462 4.19618 1.15943
-0.161682 4.16649 1.16895
-1.03754 5.03754 0.832236
-0.886932 2.89231 3.53223
1.51974 2.47812 1.81537
-1.21826 5.46051 0.821669
-1.85101 3.55139 1.262
1.10425 2.94596 1.66937
-2.00375 5.95037 0.460779
-0.483398 4.44477 1.04527
-0.875183 5.52251 -1.22249
-0.214447 4.17016 1.14867
0.290558 6.15795 3.17208
-0.356934 4.29932 1.09389
-0.0781555 6.39444 3.45066
-1.71323 5.60596 0.572471
3.85934 2.00472 0.719509
-2.3761 6.23023 0.317633
4.20264 -0.562429 3.36691
-2.17337 3.77753 -2.34284
0.826752 3.17642 1.56227
4.30646 -2.51717 3.86729
4.32867 -0.994038 0.8159
-2.36755 6.16373 0.320918
3.13409 2.21082 1.68453
-0.497498 4.36985 1.03985
-0.760468 4.61324 0.938754
0.197632 3.70224 1.30709
2.82819 -1.17407 3.35495
3.41843 0.981987 0.109637
3.17511 3.79501 0.361786
3.43573 3.13434 2.14356
-0.960419 4.88715 0.90921
3.51263 2.54853 0.299941
1.53705 2.43003 1.82305
2.58188 0.236271 -0.717802
0.594971 3.29887 1.46297
0.357422 3.58245 1.39617
-0.203766 4.02746 1.15767
2.34583 1.7011 3.97843
-1.22937 4.95667 0.765663
2.31207 3.297 2.17678
-0.122803 3.99845 1.21345
1.67398 0.16593 3.3603
3.81619 0.948466 1.17352
-1.36224 5.75636 -2.23254
-2.11697 5.71443 0.426401
2.8613 1.22318 0.522139
-0.941833 4.64111 0.875566
-1.63184 5.36805 0.662669
3.66858 2.55231 1.16835
-0.325104 1.91306 -0.734626
3.65256 0.123101 0.863944
0.0307922 3.75128 1.24983
1.60648 1.64686 0.151862
-2.00204 5.53069 0.47033
4.15927 1.34947 4.38294
-1.03305 1.76018 1.08748
3.60492 2.38155 3.79007
0.72464 3.11587 1.51366
-1.06018 4.66576 0.830331
-1.63718 5.1915 0.62785
-0.749786 4.42825 0.975787
0.946381 2.9108 1.59728
2.88544 2.67495 1.69914
-2.37396 5.76161 0.328174
2.84485 -1.33138 -0.28908
1.22366 2.6642 1.70327
3.35754 -1.82097 4.10055
-1.20886 5.80513 3.42387
2.22983 4.71774 4.23531
-1.92963 5.36586 0.528473
-0.775421 4.33752 0.939172
0.424072 3.35707 1.42694
1.16449 2.69997 1.68065
3.33832 -1.02089 0.342284
-0.753204 4.29434 0.947664
1.56802 2.35806 1.83489
4.11398 1.10425 4.39938
-1.85165 5.17547 0.527812
3.74527 0.952837 3.33902
0.217072 3.48357 1.34818
4.24429 2.05981 3.45877
4.09711 2.65334 0.315228
3.42932 -1.96421 4.5852
4.03345 -1.38377 4.4824
-0.5289 4.04746 1.03712
-2.03473 5.25468 0.457837
-0.0403442 3.64236 1.22262
3.08517 -0.136145 5.3007
2.57547 1.17195 1.31487
1.70667 2.23336 1.88788
3.57608 1.05655 3.88174
3.16827 3.85466 3.35347
-1.69229 4.91478 0.61047
1.01794 2.77255 1.62464
1.05084 2.7419 1.64944
-0.749359 3.3445 1.55886
-0.847412 4.21465 0.911656
2.84036 1.96263 2.99785
2.03992 1.25832 2.79492
2.49728 -0.567996 1.6318
-1.81213 4.93111 0.542918
-0.867493 4.19025 0.926411
1.27643 2.55153 1.72735
-1.66046 4.79009 0.60089
3.07449 1.42618 3.33977
2.6748 3.56928 4.20598
0.450348 3.17085 1.40769
0.0589905 3.46223 1.2581
-1.42633 7.2733 1.20556
3.58826 0.0351204 4.43647
-0.860443 4.11586 0.932482
3.54404 1.59835 3.63661
0.880798 2.8307 1.57222
4.3259 -1.34439 5.37119
0.161316 3.35654 1.29721
-1.5137 4.58452 0.656985
0.918823 2.7881 1.59131
-1.21506 4.35056 0.771134
3.60684 3.52448 4.68964
2.80832 2.54406 0.554446
0.751343 2.71079 1.94211
-0.43576 3.46146 1.79973
0.955139 2.62692 1.91177
1.37234 2.37799 1.9456
2.06662 3.21008 4.53998
0.805389 2.72473 1.89647
1.07028 2.56609 1.91942
-1.23727 1.93099 4.47636
3.27744 3.68312 1.33563
-0.0918274 5.21032 2.41836
2.40884 0.719837 0.432894
2.83224 1.12292 1.265
-0.984772 3.85719 1.74132
3.56155 2.29473 4.13613
-0.297333 3.23572 2.0342
0.244415 1.09161 1.05512
0.09552 3.20617 1.83071
-1.66922 3.71938 2.38572
-1.45581 4.20404 1.69282
-2.16013 3.90549 4.19832
0.619965 2.88629 1.87733
-1.07449 3.98134 1.72671
4.31586 3.30466 2.0409
0.259155 3.12961 1.84139
0.794708 2.78478 1.89018
0.340332 2.87262 2.10405
0.644104 2.88887 1.87646
-0.807892 3.84697 1.74417
-1.92834 4.59271 1.64208
0.0540771 5.26854 1.75661
-2.4686 4.96913 1.58293
-0.619263 3.48496 2.07939
2.90936 1.91213 -0.526936
-2.48035 5.00681 1.58183
-2.49551 5.02698 1.57043
-2.29236 4.8417 1.66306
-1.75446 1.49984 0.390407
1.18094 2.48184 2.01759
-0.484894 3.43321 2.09883
-1.55408 4.0841 2.11012
-2.11142 4.82317 1.60713
4.23682 1.90685 4.89301
4.35773 3.07062 4.68037
1.66779 2.23034 1.96826
-0.437897 3.69569 1.76705
1.4751 2.3327 1.99333
0.937622 0.737327 3.22748
1.01837 2.67588 1.92211
2.91321 -0.341873 3.01681
0.102997 3.70602 3.21131
-1.48892 4.47326 1.65111
0.891479 2.79074 1.88915
3.72839 3.71948 4.46074
-1.12961 4.24636 1.68008
-0.281525 3.6427 1.76678
3.14542 -1.71262 1.45516
-2.14282 4.67948 2.03311
3.95441 3.1636 1.11685
4.26117 -2.4687 0.11727
4.16931 1.69189 1.62452
-0.383423 6.25284 0.74616
1.15851 2.61896 1.91211
-1.46649 4.43696 1.81498
4.03708 -0.439264 2.95978
-1.79227 4.8147 1.60392
1.32086 2.50558 1.92756
0.424713 3.17621 1.83197
-0.32489 3.60933 1.95121
-1.33405 4.50424 1.64437
3.61026 3.84463 3.68044
0.00836182 3.40688 1.93359
-2.18918 6.97744 -0.259596
2.28046 3.86455 2.63662
4.42587 -0.951361 2.60605
-0.837372 4.16901 1.68474
-0.706421 4.0254 1.77777
3.67264 1.05871 4.32202
0.499054 3.1574 1.82989
1.70004 3.51831 3.80108
3.85785 0.644161 4.09516
2.05017 4.5814 -0.120535
-1.3913 4.64521 1.61565
0.792786 2.71858 0.915089
0.899597 2.8632 1.87284
-2.00397 3.09588 3.40681
1.5535 2.35224 1.9484
-1.66345 4.75789 1.81602
0.887421 2.88265 1.86896
0.192719 3.43779 1.78714
4.22122 3.07857 -0.474677
0.781677 2.83089 2.10468
-0.381287 3.91032 1.71425
-1.73715 5.00633 1.55154
2.56372 0.837191 0.739302
4.42844 -1.44701 -0.415918
2.37616 -0.777397 1.02004
-0.379364 3.93522 1.70919
2.07709 1.73425 0.579917
2.16403 1.48685 0.53037
1.58896 0.448838 1.61583
-1.23471 4.65965 1.59746
2.72287 2.22947 3.34716
4.31393 -0.567454 -0.385567
4.41818 3.11887 0.775814
-2.24899 5.30883 1.8937
-0.378723 3.98756 1.69341
-0.674377 5.24718 0.297269
4.17337 -1.74398 4.89247
3.03839 -0.143417 0.77551
2.13989 2.7606 -0.164891
-2.39297 4.0827 4.78505
2.30737 -0.414246 4.84767
-2.45065 5.788 1.41647
3.91318 -0.128721 3.66096
3.67392 3.59845 3.24296
2.78824 0.279616 1.86918
2.75534 3.88898 3.95359
2.93222 3.43981 3.22262
-1.44064 4.97424 1.52596
-1.71622 5.22072 1.48799
3.42462 -1.37372 2.65235
2.59875 -1.30167 -0.0140137
-0.342834 4.04608 1.672
0.292694 3.44096 1.88529
2.3093 -1.10039 -0.59604
-1.04266 4.67754 1.56727
3.24005 1.2517 0.949922
-0.65451 4.34777 1.62247
3.70105 -1.38894 4.67002
-1.53506 7.01627 3.17563
3.47546 -1.57962 5.05637
-0.799561 4.46108 1.70589
4.09882 0.839729 3.94131
2.56842 4.43367 3.38616
-1.81064 5.43804 1.43264
1.71585 2.257 1.95769
2.91492 1.90143 0.901926
-0.412689 4.05819 1.99966
0.0455322 3.9608 3.98547
-1.79547 5.47496 1.41803
3.01959 -0.477669 3.18541
2.50583 2.57882 3.73278
-2.13727 5.81548 1.35642
3.46863 -0.560851 3.20331
4.17252 -2.69423 4.05243
-2.00397 7.96643 3.74272
-1.91467 5.56701 1.61246
1.36337 2.59419 1.89814
1.30655 2.63387 1.9361
-0.229187 4.09048 1.63838
-1.47525 5.26674 1.43624
-1.87878 5.65468 1.36216
3.88327 2.13047 4.71973
2.11789 2.96801 2.08227
1.65689 2.3271 1.94282
4.21353 -0.340006 -0.519042
-2.17316 5.99696 1.2952
0.782104 3.16918 1.7916
1.05725 3.54224 2.79953
-1.38126 3.79477 3.62374
4.22763 2.18104 3.19325
0.0260925 3.9125 1.65786
0.690674 2.42569 3.65961
2.75641 2.95511 2.62956
0.688965 3.25488 1.87304
0.0239563 3.93213 1.6487
-0.52356 4.47309 1.55137
2.26123 4.35362 -0.29307
2.80063 -1.33407 0.850656
3.88434 -1.41927 2.72807
1.01816 2.97093 1.82109
-0.435547 4.4139 1.55619
4.02896 -0.138702 1.67748
1.73059 2.26821 1.95031
3.32379 1.55366 1.51193
0.679138 3.32086 1.75344
-2.31628 6.32588 1.1847
2.00745 -0.442416 0.879336
-1.17361 3.77658 2.06662
3.95078 -2.81016 3.61661
3.31503 -0.81921 4.71445
-0.178345 4.20739 1.58369
1.61139 2.39466 1.92487
0.293121 3.73722 1.66621
3.86212 -1.76722 3.8116
1.05255 2.9685 1.81262
-0.65686 7.40261 -1.13019
-0.350739 4.41342 1.52985
2.25909 0.19492 4.88956
2.71945 -0.761622 2.63127
2.62247 1.0227 4.37441
-0.132629 4.2132 1.564
2.72672 4.20027 0.516554
-2.45493 6.64302 1.07932
4.10095 -1.17277 2.42997
0.253601 3.8279 1.6352
3.38339 0.538355 -0.605007
-2.34213 7.42773 2.71188
-1.34302 5.52131 1.29425
3.23129 -1.94466 3.15019
-1.94693 6.17497 1.15799
2.42657 0.0284216 2.22983
0.905579 3.16495 1.76409
1.57315 -0.353729 1.48915
2.19864 1.7683 3.65656
2.39709 -0.0320831 4.99523
0.0705261 4.07097 1.57123
2.86707 -1.30965 0.135587
-1.6312 3.22657 0.713469
0.43454 3.6907 1.64864
1.3873 2.66308 1.86112
3.12726 1.27541 1.09182
1.46933 2.57666 1.87736
2.14459 -0.6843 2.43405
3.0322 1.03929 0.532472
3.05164 3.49462 5.20821
-2.42139 6.84387 0.958518
3.0369 3.17269 1.42276
-1.13559 5.44915 1.25443
2.04739 -0.925668 -0.923558
0.840637 3.28045 1.71918
4.20114 -2.84523 5.53152
1.40759 2.65691 1.85519
0.511444 3.65395 1.63282
2.46375 -0.726935 1.00855
2.07623 1.54988 2.80365
3.38361 3.19398 2.52963
0.952576 3.17312 1.73465
0.362335 3.83782 1.58149
-2.16483 6.68311 0.935656
2.70856 2.2399 -0.0409825
-2.47992 7.05733 0.835221
2.18283 -0.235583 4.28333
0.801544 3.35825 1.68574
-0.353302 4.67231 1.37768
2.33813 0.349653 2.20278
1.2243 2.88602 1.79142
-2.35751 7.8089 -0.559024
0.270691 3.98294 1.52732
3.75061 0.646686 4.16055
2.28259 -1.31057 2.83391
3.26825 0.973331 2.11389
-1.44214 5.96993 1.0362
2.42615 -1.43293 4.42886
2.39368 3.43807 2.4044
0.490082 3.75151 1.56716
-0.404572 4.79465 1.30535
0.151489 4.14838 1.46188
-2.12723 6.80593 0.789347
-1.92044 6.57385 0.841292
2.77798 2.8336 -0.363223
3.68588 -0.375089 2.69445
2.79486 0.894081 0.912279
-1.41116 5.99485 0.95391
1.52679 2.55418 1.85383
2.68121 -0.811754 0.981831
0.0248108 4.31317 1.38111
-1.53421 6.13895 0.88476
3.93326 -0.343246 0.0473909
1.43686 2.6595 1.81979
-0.921967 5.42195 1.05848
-0.075592 4.43075 1.32659
-2.46561 7.24166 0.574846
1.74875 2.29424 1.91737
-0.848694 5.33614 1.05677
0.0799255 4.24862 1.35998
0.681915 3.54069 1.55771
0.605438 3.63009 1.52895
-1.20288 5.73669 0.911021
0.773987 3.43035 1.58043
4.03879 -2.81866 3.57743
4.38934 1.7662 1.66485
-0.0681152 4.40361 1.27846
1.24438 1.68777 4.2774
-0.40799 4.79327 1.14918
2.2999 1.71761 -0.0882555
0.360626 3.89439 1.41347
-1.67242 9.11402 0.844544
3.11145 2.76094 0.478153
-0.85083 5.27733 0.967466
2.97559 2.31442 3.9029
0.638336 5.26984 3.33632
-1.92322 6.54971 0.774342
-2.20264 6.87024 0.703652
4.28317 -3.36368 5.34565
3.97534 -0.141853 2.70999
-0.992035 5.39097 0.863027
1.33667 1.025 4.53459
4.23853 -2.81961 0.0810427
2.20227 2.41554 0.273707
-0.574829 4.92533 1.12501
-1.509 5.94176 0.644445
0.209595 4.00525 1.29577
1.53812 1.6801 0.745019
2.7218 3.09451 1.80244
0.55011 3.61421 1.42327
-0.221283 4.46809 1.11149
-1.51562 5.89844 0.585937
2.98264 2.88874 1.04296
-0.881805 5.18279 0.828066
4.47949 0.874292 3.27323
-0.554108 5.01072 0.179202
0.627655 3.51114 1.47292
-0.386627 3.91221 0.533911
4.08087 -2.63443 3.53711
-0.340485 6.67833 2.93718
3.7756 2.76892 0.541102
-1.86917 6.21465 0.394159
-1.22702 5.50813 0.665589
3.56497 -1.39368 1.45459
-0.550903 4.76631 0.917283
0.0495911 4.11208 1.19664
3.52524 -1.85069 3.19895
1.57742 -0.536628 1.11439
2.54407 0.615269 1.50335
3.65256 0.80908 2.98363
4.28531 2.02562 2.36057
0.763092 3.32054 1.50768
3.77902 2.91744 2.10773
-1.32507 5.53936 0.536968
3.51776 0.596501 4.05554
0.0557861 4.06087 1.14023
2.48938 0.678329 3.56241
-0.796356 4.95171 0.757175
-0.500488 4.63237 0.89375
3.31931 0.910993 3.08111
-0.586365 4.71281 0.833262
-0.0794373 4.17648 1.05732
-0.348175 4.45254 0.930276
3.14349 -1.83856 2.24224
2.82028 2.21771 1.58632
-1.36588 5.12642 -1.04736
0.317261 3.74257 1.2222
4.07489 -2.74814 2.00246
2.83096 -0.623234 4.90547
-1.91061 8.57305 -1.42967
4.41797 0.556042 3.62157
-2.40729 6.50589 -0.0427749
-0.497711 4.55322 0.823301
0.727417 3.29803 1.39764
-0.741455 4.79019 0.702378
2.34305 1.11472 4.53838
0.0780029 3.95189 1.08171
3.01212 2.63457 -0.0121641
-0.153778 4.17771 0.966187
2.75854 3.0546 3.32618
3.92087 0.555767 5.85841
3.26761 2.20417 5.118
1.06366 2.93842 1.54431
-1.2048 5.2048 0.433207
1.668 2.33053 1.83695
-0.36911 4.35332 0.831239
0.145935 5.7126 -1.03134
3.66858 -0.743478 4.05908
0.430267 3.53009 1.24018
-1.10397 5.05569 0.448013
-0.741028 4.6923 0.623395
3.53571 -1.47173 4.82766
-0.541077 2.47373 1.62173
1.01431 2.96159 1.50059
-0.920044 4.84218 0.514022
-1.34003 5.24354 0.292875
4.09454 1.57682 0.829883
-0.150574 6.19356 -1.01137
0.7789 3.17768 1.37046
-0.932861 5.20277 -0.758069
1.33539 1.20412 1.30663
-2.17017 5.99409 -0.168486
-0.22406 4.12521 0.838546
1.25186 4.06446 1.91062
-2.17444 5.97035 -0.189261
1.71692 2.26798 1.85028
1.4108 0.439502 3.96686
0.239075 3.64628 1.07137
4.1409 -0.897596 5.95276
1.17004 2.77831 1.55551
3.47525 -2.24743 2.79276
0.225403 3.65629 1.04172
0.109406 3.76035 0.979079
-2.34705 5.97622 -0.333043
-1.8681 7.75929 1.96627
1.4061 2.54903 1.67665
-0.950165 7.14301 -0.135375
0.835938 3.07094 1.36106
1.70111 3.74324 4.14118
2.73911 0.415549 4.96817
1.60135 2.10829 2.80112
1.4422 2.48138 1.69723
1.16235 2.76133 1.53278
-0.332581 4.96974 -1.72209
3.70212 -0.182171 2.27515
1.66351 1.35588 4.05175
-2.00098 4.11924 -2.62653
0.446075 3.35414 1.12691
1.44199 2.49973 1.68379
0.104492 3.09779 2.44841
-1.78928 5.1675 -0.132406
0.96048 2.90124 1.40973
4.46262 0.752653 3.40153
0.585144 3.25136 1.18567
2.39688 -0.530374 3.55045
4.11441 -1.22061 1.3983
2.60175 -0.0535229 3.76405
3.86148 -0.395968 3.28742
3.95654 -2.31733 4.24389
-1.05762 5.77319 -1.50024
2.48126 0.238731 0.881432
-0.399872 4.05602 0.594151
3.06937 -1.02132 2.189
0.292908 3.47948 0.994712
-0.766449 3.52973 -2.28205
1.07861 2.76669 1.45404
4.38913 -2.06735 4.89631
-0.542572 4.13555 0.486456
-0.416534 4.06748 0.555449
0.553741 3.5332 -1.51629
-1.5481 5.01982 -0.128857
-1.62308 5.07559 -0.181898
-0.811096 4.92385 1.29451
4.02298 0.455952 5.59985
4.39682 2.27711 4.13669
-0.66861 4.24756 0.375113
-0.493866 4.09485 0.481513
2.06961 -0.513222 4.31387
3.49362 1.96016 2.88843
1.47232 2.43973 1.67518
-0.450928 1.96265 -1.12135
0.682129 5.06212 -0.214493
0.23053 3.46276 0.902928
-0.692108 3.12186 -0.250328
1.22601 2.62585 1.51743
4.36243 0.0355273 2.48589
0.194427 3.45554 0.866233
0.744293 3.02398 1.21308
4.24515 1.95153 0.844077
2.78632 -1.01889 5.13132
0.279022 3.39208 0.910047
1.16577 2.6397 1.46525
3.64658 -0.98671 2.85241
-2.42822 5.53274 -0.843903
2.63635 2.59769 4.51513
3.58484 -1.54484 4.81815
1.52679 2.37436 1.69399
-0.513519 3.98289 0.369005
2.39944 1.71324 3.24815
-1.96637 5.1114 -0.582547
0.252106 3.36724 0.858042
2.00659 2.25176 2.68143
4.17807 0.774958 0.619271
-0.774567 4.14566 0.168786
-1.80551 4.88089 -0.522432
-0.0394897 3.5161 0.638618
1.30612 2.5306 1.53866
-2.46411 8.28176 -0.990764
3.70425 -1.10547 1.40532
1.47617 2.38509 1.64671
3.19669 3.68013 1.68031
0.991455 4.23522 0.272701
0.298676 3.17224 0.824536
3.4494 2.24988 5.64566
2.90979 0.187187 0.669444
4.40964 2.47851 1.52758
-0.499847 3.861 0.294549
-2.40622 5.2606 -1.01581
-1.2597 6.24323 0.176106
2.74103 -1.09269 1.04452
4.28467 -0.0636068 4.10178
3.72647 2.70193 3.35523
0.0822754 3.39781 0.670378
3.50537 -0.120758 1.32972
3.84717 0.233864 2.44134
0.664612 2.96445 1.0682
-0.56308 3.84542 0.205844
-2.05075 4.82456 -0.868568
-0.359924 3.65281 0.332487
1.47766 2.35535 1.62611
3.09692 -1.44306 1.46546
1.54944 1.33471 4.22499
-0.434479 3.71496 0.268815
4.20883 -1.0702 6.44662
1.10233 2.50537 1.32206
3.44342 2.69743 5.06788
4.49039 1.67547 2.26411
0.12735 3.30253 0.651692
2.82562 -1.04224 5.01322
3.26013 3.41068 3.41317
-2.16696 4.87057 -1.01873
-1.42911 4.35465 -0.484198
-0.303528 3.57664 0.326103
-1.45538 6.75693 0.737742
1.27066 2.49595 1.46839
1.03546 2.65374 1.29482
2.73227 3.9624 1.83991
3.03561 4.3081 4.12459
1.05084 2.48025 1.24576
3.41885 -1.78663 0.334473
-1.08453 4.0036 -0.300813
2.70834 1.85866 4.12004
-0.0456848 3.17822 0.418361
0.332855 2.85898 0.672378
3.59872 2.16982 6.12926
1.01282 2.64935 1.2629
-1.30991 4.01073 -0.535722
-2.09305 4.67412 -1.07433
0.0856934 0.0242889 2.82841
3.02023 1.66995 5.144
-1.97043 4.33554 -1.08485
1.66864 2.21354 1.7489
-1.30157 2.89386 -1.80171
3.55557 3.67514 6.11674
0.462524 2.98057 0.828102
0.214508 3.13478 0.639058
4.4686 2.77817 5.05039
3.87601 3.40977 4.29865
1.2869 2.33728 1.40928
4.01486 -1.15944 2.68009
-1.23663 4.0211 -0.502996
-0.87796 3.71278 -0.25569
-1.93689 4.44087 -1.05328
0.930145 2.66093 1.16789
-1.7551 3.8446 -1.11324
0.917969 2.58821 1.12471
0.725922 2.77577 1.00056
-2.32782 4.57708 -1.41416
-0.928375 3.77004 -0.303655
1.69492 2.18373 1.75932
-1.51221 4.10732 -0.770741
-1.30499 3.97565 -0.614616
0.222198 3.05878 0.589611
-1.59381 2.87046 -3.28521
2.10507 3.9407 -0.266335
1.16898 2.48938 1.33703
-2.45493 4.61356 -1.56394
-1.87793 4.26643 -1.11096
0.122223 3.09328 0.489433
3.85229 -1.17968 1.85997
-0.175568 3.25699 0.245042
2.31891 -0.203935 -0.16727
2.4928 3.33831 4.47979
0.0579224 2.8271 0.300281
-1.46692 4.97954 0.195508
1.32108 2.38472 1.4463
3.95377 1.41485 4.9667
3.81406 1.36376 1.888
-0.145874 5.8423 2.22333
-1.01703 3.68954 -0.480668
-0.643829 3.47467 -0.173815
2.06897 3.29156 2.11783
3.14157 0.639545 2.65971
-1.51712 3.52387 -1.09206
0.454193 1.78321 0.822292
2.84656 -0.997628 2.30764
3.11124 2.66192 4.2105
3.73694 -1.14462 3.42172
1.73102 2.14585 1.77585
3.36887 0.247827 1.78466
-1.03647 3.6262 -0.550634
0.75946 2.66162 0.957947
2.17108 -0.746442 4.86906
-1.05847 3.61759 -0.582709
0.717804 2.67529 0.917257
-0.765167 4.83007 1.49075
0.866486 2.59447 1.03777
3.88776 0.52528 2.88912
3.12769 4.36545 1.0315
1.13437 2.13211 2.11582
-1.49832 5.02598 -1.91024
2.01749 -0.0976042 -0.0345598
4.41177 3.72026 3.75218
-1.4996 3.78091 -1.00966
-1.19135 3.61695 -0.744557
-1.03818 3.53259 -0.619584
1.74875 3.22576 2.65072
-1.85657 0.798811 -3.5465
0.012207 2.98506 0.272829
-1.14755 5.41685 0.432677
2.27982 3.95967 4.6228
2.88544 -0.119648 5.50114
1.08865 2.44352 1.20207
4.16504 3.21965 1.69638
4.4639 -1.308 1.94871
-0.225342 4.40243 -3.01129
1.00128 0.563571 3.06332
-2.43762 4.11034 -1.92483
0.604584 2.6605 0.762731
4.17722 1.94438 2.3454
-2.10843 3.9264 -1.65194
3.78458 0.228782 1.6096
2.42551 1.86941 1.48977
-0.862366 3.32305 -0.557047
1.6539 2.15921 1.69005
4.06036 -0.595039 4.13146
2.36398 -0.225202 4.97273
-1.10056 1.24706 -1.23085
0.196564 2.81355 0.3729
0.877167 2.50403 0.98446
2.59747 3.57462 -0.189675
3.48679 0.70872 3.85807
4.15649 0.785455 4.30163
-1.20203 1.26408 -0.122747
-1.88947 3.57047 -1.61769
-1.28427 3.43048 -1.00693
-1.54596 3.53658 -1.24652
3.26974 -0.318031 0.839355
2.772 -0.784534 2.4603
-0.305664 2.98375 -0.121211
4.25455 0.865141 6.25176
-0.296906 2.9698 -0.123362
1.37833 2.2611 1.42392
-1.22275 3.34639 -0.986413
-2.16632 3.69737 -1.88706
-2.03558 3.66804 -1.75758
0.820984 5.34732 3.68134
1.69791 4.01841 4.18022
2.02219 -0.364259 -0.850471
-1.26248 2.77196 -1.34089
-0.249268 2.89971 -0.11931
-1.13623 3.24752 -0.955026
-1.22595 2.16372 -2.62983
1.43985 0.100924 1.73817
3.47055 3.08745 5.23966
2.09589 3.61696 -0.425371
2.0694 1.29458 3.72528
3.46201 3.57852 0.781267
2.46054 3.59659 4.2036
1.26254 2.14392 1.22424
1.57166 2.26551 4.01898
-2.45813 3.6157 -2.30518
2.51074 4.21255 3.27107
-1.41351 3.31109 0.889845
0.43219 4.37707 -2.48579
2.47336 1.49872 2.56529
2.53467 3.84204 -0.213152
3.26035 -0.972632 5.16297
0.174774 0.570354 1.76512
-1.62585 3.30531 -1.52111
2.405 1.70935 2.53244
0.289062 2.26978 0.153498
-1.08902 4.50986 -0.810593
1.21255 2.18818 1.1838
-0.397736 2.83654 -0.349781
2.45221 -0.312062 4.43236
1.60327 3.28202 1.6552
2.90146 -1.01317 0.59103
1.05725 3.58892 2.24872
-2.4184 2.2931 -2.80677
1.72867 2.09165 1.73168
-0.753418 2.92392 -0.728943
3.55151 4.21037 0.777224
-1.06595 2.97438 -1.06715
-2.37994 5.48163 -0.509421
-1.9668 3.29582 -1.94917
-2.05588 3.31591 -2.04686
-0.714325 2.38829 -0.973653
-0.519928 2.80638 -0.525528
-0.228546 2.70818 -0.238451
-2.37375 2.80886 -2.69849
-1.89011 3.46254 -1.08806
-0.00979614 2.62527 -0.027661
0.300385 2.34148 0.182687
3.06253 -1.0031 5.30812
-1.37784 2.75579 -1.56958
2.5383 3.86314 4.7045
1.15146 2.63843 2.36011
3.17938 -0.728885 1.05595
2.58444 -0.135626 0.480164
2.68591 -0.429229 4.69353
0.448853 2.45156 0.414383
-1.45325 4.40218 -2.06533
3.82709 1.67106 5.01137
4.35367 2.40131 1.8179
-0.0247498 2.57143 -0.087742
-1.97769 3.23064 -3.7059
2.88608 1.79374 -0.0644728
-0.898682 2.79231 -1.00819
0.786163 2.32908 0.73761
1.17859 2.60292 -0.521938
-2.46176 3.17989 -2.66006
4.46133 2.31639 4.43205
-0.708344 2.65362 -0.862527
2.77969 3.90051 3.73521
-2.08557 0.846931 -4.58172
-1.26889 2.77156 -1.46712
-0.343903 2.36596 -0.591785
-1.40326 2.38257 -1.84925
0.79129 2.04694 0.585556
3.49234 1.46961 5.36928
-0.0518799 2.49701 -0.174993
-2.46603 3.07185 -2.74392
-0.357788 2.38132 -0.60951
2.33087 2.19903 4.64859
2.84677 3.55492 5.691
0.934845 2.24617 0.861468
3.5889 3.37124 5.56077
-1.35947 2.76148 -1.59836
2.73462 -0.0240355 2.84557
2.72565 1.49066 3.93166
3.37186 2.61665 3.13322
-0.13562 0.280923 0.896312
4.4938 0.746321 7.1753
3.9747 -0.970434 4.48491
-1.96509 4.28923 -2.48055
0.864349 3.94657 -1.3017
-2.41434 2.58996 -2.98409
-0.367615 2.26791 -0.365366
-2.35324 1.96605 -3.26058
-1.37527 2.45458 -1.81145
4.43869 2.21172 2.68919
1.20444 2.08363 1.08861
-0.296478 2.44909 -0.51592
0.891907 3.16381 -1.93863
3.89096 -0.640703 3.28919
-1.57373 2.6671 -1.93905
4.49658 2.08865 7.72346
3.85208 2.88108 2.91375
3.28918 3.43398 5.73553
4.42651 3.61757 2.44421
3.923 0.302848 4.60554
1.31061 2.03818 1.1868
2.3392 1.93022 4.11001
-0.18454 2.3738 -0.436976
-1.07129 2.51871 -1.42619
3.97556 -0.718743 4.22222
3.9386 0.154499 2.94231
1.57913 2.2478 0.731713
3.01532 4.5305 3.93399
0.940613 2.18834 0.815841
3.97833 0.720473 6.23491
1.25827 -0.605436 0.787139
-0.211884 1.87302 -0.771779
-2.29642 2.802 -2.78334
3.85208 3.3156 2.6236
-1.11658 3.97104 1.05637
2.90958 0.471541 1.94587
0.887634 2.22 0.771454
2.00574 4.7569 2.49616
-1.13046 2.63305 -1.45047
3.763 3.89616 5.16435
2.19373 1.0065 3.45551
3.44086 0.918625 6.17726
-2.33914 2.91604 -2.76341
4.31607 4.22168 4.20942
0.182037 2.39187 0.0123608
-0.62973 2.5727 -0.875172
-2.44403 2.97769 -2.84893
4.03772 1.20017 4.44859
2.60516 4.86245 0.403687
4.39297 4.34633 3.64098
2.336 0.641315 1.99909
-1.07706 2.71114 -1.3369
-0.703857 2.6309 -0.932183
2.34732 4.13688 2.45828
3.31375 0.174252 4.63558
2.42871 3.80529 1.87341
4.07617 1.141 3.12529
-0.141174 2.51864 -0.30771
1.1051 2.21875 1.03749
-2.09134 3.01829 -2.39137
1.73657 2.06615 1.71725
2.09354 1.0632 5.05419
-2.21075 3.07608 -2.51019
-1.20737 2.82679 -1.42832
4.43741 -0.63589 6.79371
0.484528 2.39739 0.383496
-0.803833 2.74146 -0.984524
-0.479553 1.82481 1.41128
1.10062 2.24183 1.04465
0.0258789 2.25082 -0.255803
2.51929 4.72732 5.27121
0.565704 2.01871 0.266557
0.753052 2.34637 0.681006
1.13608 2.2419 1.08808
-0.578247 2.72764 -0.715754
2.03821 1.0813 2.15332
3.7113 1.70059 1.84943
2.51416 1.28237 4.04667
4.21887 3.79669 2.31978
-0.749786 2.8066 -0.87811
2.12024 2.26695 4.77154
-1.63632 3.08282 -1.79794
-0.751709 2.48142 -1.06487
-0.273407 2.68707 -0.369395
-0.994812 2.91175 -1.12126
-1.47952 3.06705 -1.6187
-0.196716 2.30058 -0.496385
-2.01358 3.24867 -2.1652
2.42252 4.04181 0.60447
-0.249481 2.70984 -0.324464
-1.01276 2.95739 -1.11318
-1.5184 2.20925 -2.16352
1.28925 2.2795 3.24531
2.5321 2.29373 5.37096
3.99521 2.11874 2.38545
1.65027 2.11502 1.64094
3.71429 0.00580336 4.7219
-0.921326 2.97378 -0.992736
-1.62158 3.22329 -1.70206
3.90869 0.603425 3.35324
-1.2674 3.11818 -1.32548
3.0448 0.0950806 4.64931
2.74295 1.54744 2.23961
3.9873 1.97334 1.06747
-0.432129 2.85395 -0.464557
-1.93134 3.24935 -2.06406
-0.15506 2.76624 -0.179005
4.35324 3.56608 6.41231
4.26437 2.48249 5.4474
1.47147 2.19145 1.46794
-0.656006 2.96797 -0.673713
1.10104 1.45738 1.42484
2.46439 0.98238 4.66799
-0.461182 2.91337 -0.466651
3.54318 1.82744 0.856842
-1.84055 3.44234 -1.84055
2.30289 1.29744 0.416901
-1.50964 1.25825 -0.515957
-1.29538 3.25957 -1.28073
-0.279175 2.87622 -0.269045
-2.23575 3.63782 -2.20751
1.1944 2.31329 1.20156
2.66113 -0.840547 0.906233
3.8147 3.69186 2.63877
3.59296 1.95822 3.61023
-1.95248 3.57221 -1.89978
-0.83609 3.13444 -0.798276
3.49106 2.82446 1.04739
3.44321 1.91874 1.79231
3.65897 2.28226 3.20961
2.28003 4.39441 1.73592
0.926086 2.4415 0.947565
4.33295 -0.00414063 5.98563
-1.00507 3.24877 -0.938287
3.61496 1.49742 6.46306
-0.357147 2.99 -0.29429
4.26651 -1.83247 6.59345
0.54306 2.61839 0.581912
4.12509 1.60562 5.25498
-2.06421 3.58304 -2.0295
-1.41843 3.47372 -1.31208
3.92407 -0.044458 2.63551
0.323456 2.73023 0.379341
3.72647 -1.31343 2.56114
2.48083 3.55773 0.710737
-2.06464 2.65748 -2.56623
-2.17123 1.42675 -1.95363
3.99008 0.395154 2.25795
-1.00421 3.34856 -0.877367
3.84631 2.95184 2.31871
0.813721 2.53778 0.866444
0.296112 2.77622 0.37184
-0.358429 3.07964 -0.25361
3.36139 1.21116 0.901923
-1.68311 3.70241 -1.50304
0.263214 2.80664 0.351983
2.77521 4.06274 5.54955
1.58682 2.19373 1.60886
3.08881 2.0208 4.11069
-0.404358 2.31956 -1.79734
-2.29279 4.04146 -2.0543
3.28235 3.95629 5.20293
0.390747 0.0512097 -1.84627
2.80383 0.540264 2.54809
0.829956 2.56682 0.900159
-1.21057 3.47176 -3.32703
0.81308 2.03262 0.125587
-0.0397034 3.80716 0.0733745
-0.0441895 2.92587 0.039693
4.06079 2.22254 4.58189
-2.46753 4.22384 -2.15977
4.49957 -1.65147 4.54079
-0.606873 3.30923 -0.427288
3.83841 0.4716 2.33748
-1.39899 3.72215 -1.15728
0.14978 0.246622 1.85532
-0.690399 5.03645 -2.09319
0.492218 2.66154 0.540894
1.48642 2.78683 -0.606663
-1.19434 3.66105 -0.938789
3.85678 1.47438 4.24364
1.01367 2.44512 1.05293
0.0228882 3.02994 0.178851
0.458466 2.8153 0.58864
3.7771 -1.6657 1.72823
2.6575 0.321086 5.52984
-0.899963 3.37875 -0.75036
3.90997 2.09127 5.22958
2.88757 1.49244 4.3392
-1.12192 3.69277 -0.837476
-1.09372 3.26801 -1.05537
3.69656 -0.291224 4.26441
2.7218 4.33697 5.10855
-2.05801 3.90235 -1.8653
-1.8555 3.65221 -1.76922
1.21725 2.43486 1.29379
-0.957214 3.44016 -0.790951
2.8299 0.985508 4.02865
1.28305 2.40308 1.35475
0.33905 2.79407 0.424768
3.73715 -1.56672 1.84185
2.12302 -0.711463 2.21452
2.64554 -0.914389 2.82805
0.658844 2.76893 0.801901
4.47031 3.59752 2.30425
-2.29791 4.49279 -1.82992
-1.96808 4.3103 -1.52718
-1.88925 4.27305 -1.44847
0.877167 2.5478 0.938973
1.62228 2.9962 0.450163
-0.843781 1.12278 1.67254
2.85703 3.00159 5.08034
3.28278 0.408844 4.62528
1.60263 3.78412 0.423149
0.010498 3.19812 0.253659
-2.45343 7.05319 -1.86107
1.0173 2.59617 1.13741
2.68378 0.44767 2.17351
4.49231 2.26385 1.87466
3.9621 -1.88912 5.3462
1.31723 2.42028 1.40371
2.64297 -0.233599 3.33108
3.3819 2.24003 5.65648
-0.595978 3.61528 -0.261385
-2.28766 7.26239 -3.36461
1.55371 1.00448 0.354613
0.426422 2.98961 0.636233
4.40686 1.39518 3.50981
1.66479 1.05725 4.09968
2.53766 1.38418 3.8713
2.36206 3.74351 2.46672
2.87283 0.618969 5.64604
1.69214 1.73882 -0.532966
0.039978 3.24934 0.30601
-2.38208 4.83375 -1.75885
-2.00482 4.59868 -1.43525
-1.2785 4.13467 -0.804942
0.89682 2.72074 1.05617
-0.335999 3.72851 -2.40745
-0.305664 3.27907 -0.112563
-2.34341 4.72833 -4.3161
-1.39301 5.52849 1.61807
4.40686 3.09058 2.73955
0.537079 4.54598 3.27389
1.14249 2.57358 1.27397
1.34927 2.43671 1.44905
0.199341 2.68446 -2.44987
-2.36649 4.9498 -1.68725
0.809235 2.80707 0.994465
2.46011 1.72118 1.23479
0.896179 -0.121565 2.07268
2.34882 4.17056 2.12661
-0.352661 3.61549 0.0237646
2.76154 0.966903 3.21061
-1.78735 4.61748 -1.17296
-0.909149 4.01701 -0.437221
-1.39407 4.26572 -0.895309
-1.74698 4.61456 -1.13081
2.73291 2.92353 -0.255369
3.74057 3.70702 4.6911
1.64386 2.25088 1.70401
2.23389 -0.328575 4.79856
-0.562653 3.81664 -0.129849
2.73676 4.02455 2.71579
1.36102 2.39414 1.43289
0.958344 2.74536 1.1389
3.55685 0.00233663 2.86567
0.745789 1.07869 -0.898414
-1.31567 4.10506 -0.919038
-0.79892 3.6696 1.2463
1.24823 2.54629 1.38188
2.51224 3.54412 4.3414
0.453979 3.11138 0.720068
2.35501 4.10007 2.64225
-1.81192 4.80388 -1.1173
2.86771 3.92147 0.34753
0.460815 3.16754 2.76269
-0.49472 3.75924 -0.094841
-0.965546 2.47156 1.39928
-2.07254 5.04083 -1.31233
-0.77713 3.89163 -0.382655
-1.61859 4.71796 -0.93508
1.15082 2.63972 1.31122
4.4671 -0.317691 4.35917
3.6329 2.96911 0.787607
-2.30518 5.29107 -1.47284
1.45801 2.41553 1.56279
3.93347 -1.54927 1.09605
1.0784 2.6742 1.23392
-0.999725 6.80279 -1.60605
-2.42865 3.80404 0.160151
3.08688 0.799007 5.2527
2.36035 3.14595 2.95104
0.770782 2.96152 1.01663
0.392029 3.26136 0.713623
-0.131775 3.677 0.299317
4.37546 1.30684 5.11711
0.749847 2.98901 1.00543
3.27637 1.1458 2.38902
-1.09692 4.46377 -0.456893
1.55264 4.42979 2.11481
-1.41779 6.68202 1.60683
0.473633 3.22449 0.792474
0.148071 5.86653 2.95119
1.42725 2.40941 1.51083
-1.6344 6.41945 -1.04859
-1.17789 4.57762 -0.507
4.47672 -2.41564 4.30559
-1.42953 4.79698 -0.697901
2.32446 1.95915 2.64271
-1.38361 4.77456 -0.654251
-1.35519 4.75872 -0.631963
2.33344 4.21864 3.65662
-2.46753 4.64925 0.921977
-1.30777 4.74177 -0.587411
1.44305 2.39829 1.51568
-0.511597 4.093 0.0409546
0.514221 3.24145 0.844394
-1.1358 4.62711 -0.438958
-1.05142 5.85372 1.7124
1.18756 2.68606 1.36991
0.775269 3.03694 1.05015
-0.507538 5.72908 -0.174939
-0.00360107 3.53358 0.316429
4.31927 0.0629529 5.91201
0.682983 3.34386 1.61375
1.50266 2.42772 1.6176
1.54453 2.39272 1.64979
-1.58655 5.10037 -0.757657
1.17987 2.67329 1.34096
4.35944 -1.90706 3.97777
4.3667 1.12194 2.40126
1.53918 2.40245 1.64773
0.701355 3.13704 1.00726
-1.61624 5.17426 -0.764416
0.348022 5.87618 1.21935
0.901947 3.27308 0.518767
-1.58804 5.17342 -0.726913
0.657776 3.18129 0.972344
1.63788 2.32189 1.72479
1.59537 2.36057 1.69338
4.07617 1.84286 5.33017
-2.35046 5.89608 -1.29668
2.49066 4.12535 0.987535
3.97385 -0.00479431 1.35707
-0.109772 3.90348 0.40595
-1.4306 5.10279 -0.592011
2.98627 2.8993 3.71143
1.62143 2.34408 1.71481
-0.811523 4.56161 -0.111766
3.15952 2.81012 4.00929
0.724426 2.18839 2.45174
2.61264 0.389382 1.61395
0.0827026 3.76391 0.564157
-0.540009 4.34245 0.0978158
-2.20947 7.60331 -3.71056
-2.32889 6.01144 -1.23224
-1.44235 5.09208 -0.677385
3.69977 1.89316 4.76019
1.63745 4.5309 0.467351
2.67694 -0.287441 0.142257
2.33237 -0.521403 -0.551161
-0.189667 3.4744 1.99682
0.154266 3.73909 0.630055
-2.45151 6.16736 -1.34463
1.52957 2.44534 1.65084
-1.00464 4.85107 -0.223433
3.98965 2.89673 1.81018
2.27063 1.20312 0.628489
1.6601 2.25374 1.81139
2.62546 -0.489661 3.43366
-0.316772 4.39744 3.20117
3.94394 -1.51052 1.16993
1.38409 2.59401 1.54697
-0.374237 4.2951 0.258893
0.303162 3.63535 0.744575
0.934631 3.03459 1.21873
3.41544 0.953181 2.99129
0.871613 3.09914 1.17026
2.16595 0.661464 2.90099
-0.946106 3.82797 -2.43602
4.37695 -2.20365 4.70406
1.08759 2.36003 -0.0843813
1.43451 2.55795 1.58782
-0.862366 4.74215 -0.22068
3.67328 2.63115 0.288665
-2.40793 5.24259 0.266035
2.81302 1.64065 1.58705
-0.646393 4.64051 0.0828354
0.182251 5.06883 0.227222
-1.54788 5.55577 -0.570243
3.23792 0.00214417 0.656827
-1.23193 5.22233 -0.399064
-2.03131 8.20815 -0.426033
1.36572 2.63389 1.52744
0.30957 3.68577 0.724251
0.204468 3.82346 0.703227
3.20694 0.188413 0.374917
-2.09262 6.17447 -0.946687
4.13535 -2.70714 3.12128
3.98901 -0.0199799 5.90656
2.8786 -0.166309 0.229185
2.26721 2.2222 0.576076
3.21933 1.57825 0.831422
-1.78735 5.9136 -0.710062
3.83905 0.606969 0.677741
-0.535522 4.63131 0.185693
1.047 2.98826 1.30836
1.60605 1.91131 -0.460752
2.16553 3.96214 3.96482
2.31677 1.41693 -0.0883223
0.144867 3.9454 0.67477
1.25357 2.78458 1.46921
2.88116 3.96051 2.69509
-1.22253 7.34684 -1.10472
-0.279602 4.41131 0.384015
-1.16913 5.35743 -0.260592
1.14056 0.592263 0.182526
1.25955 2.78817 1.4751
-2.21909 6.49902 -1.00003
-0.0458984 4.18684 0.554232
0.974365 3.09857 1.27522
0.272186 5.36886 1.81772
3.62393 -1.57713 1.44873
-1.38788 5.65457 -0.497281
0.386688 2.1054 -2.05851
-0.475281 4.6788 0.256302
2.81216 3.35864 1.72276
-1.40967 5.70517 -0.401922
2.72202 -1.42477 1.62921
0.663757 3.45799 1.06166
-2.20328 6.6022 -0.987847
-2.13577 6.53097 -0.895041
-2.38785 6.81688 -1.07149
3.92108 1.64059 2.02878
1.31488 2.75515 1.52042
2.13391 0.267508 -0.863164
2.54492 3.88865 1.24901
2.27213 3.95703 4.45288
1.38132 1.54263 -0.451677
-0.896973 5.2253 -0.0214431
-1.03711 6.33523 1.73977
0.813934 3.32576 1.17239
-0.139252 2.24568 -0.809982
-1.99478 6.48303 -0.778592
1.04507 3.08342 1.31713
-1.22894 6.45656 2.08818
-2.23596 6.78193 -0.936934
-2.0296 6.55793 -0.793857
0.232666 5.42102 0.196898
2.81857 1.02353 3.47108
-1.58569 7.90563 1.29058
0.843842 3.30803 2.94527
-1.45346 5.95464 -0.400357
0.875031 3.32501 1.17306
0.516571 3.701 0.978082
0.688324 1.91242 -0.0132822
1.13394 2.99693 1.40338
-1.36673 5.88296 -0.319303
-1.84225 4.79932 0.254432
-0.988831 5.46704 -0.0589722
0.502472 3.74046 0.96837
0.603729 3.62588 1.04123
2.40051 4.33315 1.87457
0.939545 3.24215 1.26941
0.527039 3.725 0.988566
4.47778 1.81478 5.74962
-1.10483 5.6499 -0.125082
1.62228 2.21545 0.46417
-1.5152 6.2342 -0.475876
0.0758667 4.34425 0.63358
2.5336 1.93268 2.74086
2.36057 0.620258 1.46155
-0.732483 5.0946 -1.40057
3.36929 -0.70645 0.139358
2.38641 0.689454 0.741887
2.73547 3.80923 3.89342
2.35266 4.52504 0.500632
-1.3616 6.05283 -0.298105
1.61609 2.46155 1.73894
-0.746582 4.02406 -2.89897
-0.0403442 4.46202 0.612566
1.56461 2.44081 1.53571
1.51889 2.58268 1.67285
-1.29324 6.03887 -0.256551
-1.14392 5.82161 -0.13088
2.21658 1.55559 0.101141
-1.95184 8.24953 -0.453318
-0.443237 4.99161 0.349457
0.737671 3.58829 1.12716
-0.169159 4.66566 0.534613
1.39136 2.74931 1.58883
-0.0170593 4.50902 0.627079
1.0047 4.90789 0.096478
4.49103 1.80716 4.97203
2.33344 1.35088 2.08261
3.49854 1.77893 0.277996
2.29092 1.44735 4.18753
-1.62009 6.54444 -0.451095
-0.327026 4.92762 0.423992
4.00397 -2.0211 0.689548
0.362762 4.052 0.897593
-2.10822 7.98875 -0.572941
3.12961 1.73295 5.2967
3.95334 -0.101004 3.17543
-1.58441 6.52432 -0.405538
-1.90356 4.75074 -0.00183901
1.3168 2.86538 1.5415
4.26224 1.23226 5.17989
-0.551117 5.26291 0.286412
-0.362488 5.00823 0.419758
1.66394 2.43297 2.99107
-1.49725 6.62021 -0.391429
-2.28146 7.48979 -0.854309
4.31863 1.399 1.757
-0.548553 5.47238 0.241679
0.241852 4.26996 0.827901
-1.60428 6.66153 -0.402852
2.71048 0.60137 3.59753
4.43356 1.42997 3.64315
-1.29517 3.97286 -0.85346
-0.146729 2.89343 1.67046
1.5943 2.52921 1.73043
3.09308 -0.205023 4.77652
2.41953 3.15064 0.426261
-1.71194 6.86677 -0.466381
-0.29541 5.01835 0.47381
-0.5383 7.99054 -2.05025
2.74701 -0.750811 3.85279
-0.669891 6.05354 -2.37183
0.65863 3.77359 1.10873
2.57056 4.0434 1.7705
1.04123 3.27197 1.36508
3.94971 -0.266115 3.71686
-2.03152 8.25152 1.86371
1.436 2.75199 1.62651
1.54837 2.60318 1.70092
1.16 3.12373 1.44374
2.41098 3.58228 3.22175
0.549469 3.86041 3.48762
-1.9119 7.25933 -0.590544
0.664398 3.8162 1.11455
0.741089 3.69813 1.16912
3.80466 -2.64911 4.72788
2.1149 4.67898 1.80703
1.74405 2.34696 1.83107
3.8931 0.0638724 1.78881
3.97833 -1.7487 3.53476
-1.41864 6.65695 -0.248706
-0.0550842 4.80405 0.648211
2.30161 1.92527 -0.709326
2.83459 0.751052 1.75025
-0.512878 4.91516 1.15536
0.65564 3.84625 1.11571
3.61047 -1.22878 4.07392
0.674011 5.73485 3.66387
0.089325 2.44626 -2.02007
-1.24988 6.72412 -0.173202
3.13345 1.38469 5.49491
4.07852 -2.20691 2.74521
2.68997 1.32089 -0.236786
0.00686646 4.77267 0.69339
3.14456 -1.71114 5.14956
-1.2345 6.64496 -0.142098
-1.65875 6.14116 2.04539
0.516785 4.0798 1.02767
-1.54617 6.9804 -0.324713
-2.31223 8.06586 -0.826903
3.71002 0.239695 2.97947
-0.400513 5.38739 0.426331
-0.340698 5.46319 0.439624
1.61075 2.55101 1.74482
1.31317 2.97377 1.54975
0.837646 3.65054 1.23801
1.01987 3.43274 1.35115
0.351227 4.34859 0.922802
-2.33401 8.18319 -0.831556
-0.863007 6.3372 0.0916729
-1.52289 7.04164 -0.30162
1.40546 1.15066 -0.735865
-0.865784 6.16489 0.120015
-1.17126 8.0621 1.64541
1.16406 3.20375 1.45385
-1.2001 6.61526 -0.0907345
-1.85635 7.60774 -0.524995
3.40988 0.120589 4.31913
-0.654083 5.84547 0.265999
0.38797 4.33923 0.946807
-2.21951 8.13236 -0.756748
3.4823 1.57552 2.68792
-2.3588 5.8384 -1.5724
2.04163 0.63991 -0.668659
4.21289 1.65568 1.21519
3.43103 1.29165 4.57384
2.95828 -1.48849 -0.0944354
2.41162 -1.02787 2.70191
1.58276 2.0573 0.763137
3.14243 -0.091865 4.24971
3.77582 -2.30232 2.3819
-0.908295 6.40241 0.0928337
-0.987762 6.42189 0.0546347
0.827179 3.80289 1.2281
-0.178986 5.3966 0.560602
0.624023 4.04562 1.10714
-0.374023 5.53466 0.459523
0.507385 4.22565 1.03146
0.286072 4.56892 0.886723
-1.59958 8.33672 1.10881
-0.685699 6.205 0.235734
-0.750214 6.25372 0.200331
3.58826 1.17647 1.92281
-0.922394 5.95426 2.23941
2.77905 -1.40162 5.28362
2.41824 2.77589 3.24881
0.844482 3.91918 1.23077
-1.20929 6.86386 -0.0824723
0.88678 3.69948 1.27681
1.3653 2.96616 1.58815
-0.481049 5.78222 0.390075
-0.672882 6.70156 -2.25872
0.688324 1.13607 -1.78742
1.24866 3.25141 1.5014
3.69699 1.01385 0.444664
1.35568 2.98939 1.58191
3.3945 1.61522 4.08599
-1.0636 5.22622 2.77737
4.2366 -3.55782 6.17887
2.99802 -0.295666 2.84426
-0.231964 5.4521 0.556663
-1.03006 6.69323 0.0405613
-0.418243 8.8613 -2.24565
0.829742 5.53195 -0.953862
2.88779 2.45884 2.52082
0.407196 4.48123 0.969987
1.64685 2.88729 1.54755
1.55713 4.19054 4.32912
-2.29599 10.7352 -1.61377
2.16061 1.06035 2.00035
-0.938843 6.70701 0.0902434
-2.0217 8.31853 -0.600698
3.08923 -0.983564 4.50595
-0.221283 5.49975 0.56357
3.33426 -1.95123 3.08713
-1.04416 7.5048 -0.0342403
-0.505188 5.96376 0.379978
2.19864 3.64915 -0.602659
2.40991 1.47979 3.67125
2.64618 1.97213 4.18044
2.78482 -2.18505 5.12787
-0.419952 5.85579 0.435097
-0.764099 6.41027 0.212549
1.41357 2.93698 1.62078
-1.14392 7.03027 -0.0330688
0.250824 5.14448 0.837914
-2.2428 8.95416 -0.756911
4.31223 -0.523874 3.2312
4.03366 1.52683 2.25254
3.45389 1.25116 5.20157
-1.94501 8.36461 -0.551105
2.63144 -1.80626 1.51862
3.78629 -3.63991 2.57627
0.660767 2.50139 -0.575175
-1.02686 6.91023 0.0426335
0.895325 3.79448 1.28564
-0.656433 6.32113 0.282173
2.8049 -2.02755 1.01758
2.77051 3.34435 2.97525
4.1189 -3.03058 4.7924
0.506531 4.44597 1.03422
4.44809 -4.30094 0.631987
3.53592 -1.30436 0.540713
1.05853 2.1341 2.65088
0.174133 5.01621 0.81847
0.624664 4.26778 1.11062
-1.75702 8.77622 -1.74801
2.15399 4.01316 -0.102445
-1.64465 8.13182 -0.364231
0.976074 2.68873 1.38433
2.59918 -1.00189 3.29201
-0.660278 5.04859 0.126913
3.86746 -3.01435 6.15196
-0.907654 6.85255 0.119717
1.20209 3.3334 1.48402
-2.41113 9.3813 -0.852533
-2.35922 9.30412 -0.818964
-0.445587 6.10315 0.41852
4.20926 -0.615852 1.08033
0.286285 4.88285 0.891798
-1.83563 8.46091 -0.480376
-0.678009 7.06211 0.217743
-2.4498 10.3863 -0.958311
0.483673 4.56428 1.01607
2.01599 0.723401 4.46365
2.30203 -1.32791 1.06641
1.19141 2.92122 0.367955
3.39365 -0.909344 3.57522
2.79999 0.914602 3.5824
4.12424 -3.03987 5.22043
-1.39899 7.80849 -0.205565
-2.14774 9.44203 -0.718498
-2.32205 9.04114 -1.39581
-0.792297 7.23283 0.1536
0.460602 4.64434 1.0011
-2.01208 8.90079 -0.603397
3.36652 -0.149904 2.353
-0.43811 6.20439 0.417937
4.17657 0.93719 5.63578
-0.556671 6.08703 -0.575091
-1.71472 8.4306 -0.410442
-1.3584 6.30557 2.74787
0.868408 1.91244 -1.62123
3.33255 -2.40952 4.87908
-0.85318 6.96453 0.148603
2.80191 0.50658 -0.247288
-1.82559 8.67353 -0.482384
-2.01273 9.00889 -0.61273
4.31778 -1.0679 3.43583
3.49875 -1.83279 0.570029
-0.500702 6.38456 0.371765
0.390533 5.17167 0.925517
0.87973 4.01279 1.26725
0.612274 4.48737 1.09301
1.69107 1.26287 3.58159
-0.172577 5.83822 0.585411
-1.48785 9.99398 -0.186416
-0.632721 8.32723 -2.51469
-0.783966 7.3711 0.155448
-1.80423 9.04401 -0.507177
3.22147 -2.52803 2.88335
-2.40836 13.5788 2.00969
-0.190308 5.90848 0.568999
-1.89032 11.9942 0.225399
-0.546844 6.55602 0.336062
-2.293 9.68924 -0.80476
-0.235809 6.00955 0.539271
0.593475 4.67518 1.06977
-1.83542 8.89523 -0.505807
2.33578 4.2792 2.65408
0.889771 4.00088 1.27465
-0.00915527 5.72901 0.679626
2.73056 3.6402 0.715825
3.76663 -1.80044 4.43136
-1.02429 7.47733 0.0241292
1.46164 2.97623 1.64827
-1.38574 8.67675 -0.250935
-1.27786 7.95843 -0.141537
3.92001 0.887595 1.93294
1.48557 2.93741 1.6639
1.57272 2.77954 1.72085
2.62289 3.31575 1.56767
-0.613068 6.88866 0.291013
-0.289215 6.19181 0.514554
-1.672 8.64023 -0.243941
0.487732 4.77585 1.02207
3.07812 2.3212 2.89329
1.64236 3.15093 1.11557
-1.26697 8.3696 -0.126213
-1.81982 11.5453 -1.51708
4.30582 -4.64156 2.51899
4.33722 -2.3837 5.70755
-0.264862 6.56592 0.536824
-0.877106 8.16661 0.123387
3.76962 -4.23264 1.91512
0.831451 5.7061 -0.967362
2.54919 1.85192 0.97461
3.88092 -0.730181 4.09094
3.14606 -1.44859 2.90619
0.583008 4.87938 1.1
4.17081 -4.59324 4.62379
1.17752 5.07837 0.198796
1.19012 3.51717 1.49248
0.111542 5.54191 0.820763
-1.0354 7.75323 0.109954
1.1756 5.13471 1.22296
1.08417 3.72584 1.43218
1.0267 3.83629 1.39656
4.39874 -5.42596 3.34105
2.26678 -0.549974 2.11527
1.13608 3.87682 1.4633
-1.33362 8.31906 -0.0446191
-0.350952 5.06447 -0.88422
-2.2616 10.097 -0.604309
3.68182 -0.379022 5.58834
-2.32013 10.2274 -0.630479
3.29367 0.828872 2.37229
2.04013 3.36224 -0.214025
4.39853 -1.18097 5.34914
4.47202 -2.24509 2.47156
0.723785 4.44466 1.23144
0.754761 4.38809 1.25009
2.20312 -0.919602 3.98479
-2.2789 9.91814 -3.01862
2.76901 0.475584 0.747479
0.355927 5.16758 1.02086
4.29044 -4.74893 2.08124
-0.923676 9.5041 0.849346
-2.41391 10.5336 -0.609111
3.66132 1.37589 1.13574
-0.54129 6.9301 0.503462
-0.920685 5.97065 -1.19453
-0.952942 7.7757 0.268083
-0.361847 6.59773 0.619632
-1.10803 9.91211 -1.66225
-0.512024 6.90124 0.537444
0.0812073 5.74804 0.8871
3.7677 -3.15276 2.46771
1.45993 3.05734 1.68796
-0.520569 4.39629 1.63567
0.580231 4.82523 1.18388
-0.334076 6.58516 0.65661
-2.29385 10.4446 -0.461809
0.375153 5.19914 1.07203
-1.49918 8.89726 0.00935764
-0.0354309 6.01658 0.842066
3.5686 -1.31509 2.02898
2.14502 -1.06157 -0.0754247
2.67822 -1.83539 0.081523
2.81686 -2.15379 -0.376397
2.50882 1.32329 3.67474
1.345 3.29108 1.63175
-0.461395 5.09598 -0.0181088
3.95932 0.552562 4.03616
-2.11676 10.0871 -0.296237
0.884644 4.37122 1.38634
-0.205902 6.69646 0.786908
3.27679 1.13397 1.9414
-0.461609 6.81381 0.63244
1.03931 3.87655 1.46628
-1.98325 10.5271 -1.2045
-0.875397 7.60383 0.415337
2.90701 2.7808 2.78862
0.599243 5.24201 2.33856
-2.2381 10.2313 -0.326245
-0.913422 7.65204 0.400855
1.39456 3.19022 1.66867
4.13043 -0.711827 3.11114
-1.72711 11.5198 -0.486513
3.51285 -2.79483 0.253293
1.14355 3.65199 1.53371
-0.913422 7.61319 0.413804
0.0782166 5.69837 0.953696
4.48441 -3.34991 5.81441
1.42447 3.14352 1.69199
3.31995 -3.07158 5.17444
-0.842499 7.61965 -0.0581512
-1.94052 9.52202 -0.119125
-0.211029 6.2157 0.810958
3.66986 -0.585064 5.66597
-0.807465 7.34042 0.496447
0.516785 4.86024 1.2123
-0.246918 6.26415 0.801644
3.19861 1.84042 4.43834
3.44086 2.19782 3.55499
3.51755 -0.109048 0.453081
3.44684 -0.765192 3.2565
1.03888 1.78729 2.22087
3.258 -2.84852 1.72475
2.52356 0.582114 -0.557266
3.28363 0.967825 2.03298
2.50882 -0.772311 4.32614
-1.96295 9.40632 -0.0695414
2.28088 -1.5032 4.3259
-0.362061 7.1279 2.80846
-1.94757 9.49513 -0.0383291
3.81128 -0.670615 4.5109
-0.255463 7.3371 1.79549
3.62991 -1.62019 3.89947
1.45844 5.18125 3.51024
-2.41797 10.7588 1.62432
-0.463104 6.55401 0.735606
-0.30545 6.2574 0.816535
-0.24649 6.31034 0.865336
3.57629 -3.57576 2.61672
-0.850616 7.24513 0.536684
-1.4682 8.78752 0.274941
-0.915131 7.35088 0.516522
0.48111 4.90205 1.24098
4.06635 -1.35671 0.318142
3.77496 -3.73213 2.59158
0.721649 2.49388 2.62564
1.49774 3.00384 1.75766
-1.36438 8.13065 0.302857
-2.29535 9.81754 -0.166765
-0.530823 4.81787 -1.88574
2.64853 0.0190505 3.92684
2.03073 1.41309 4.04095
2.14459 0.204802 2.36581
-1.84439 8.95408 0.0778046
-1.21933 7.81626 0.397489
2.59042 2.95675 1.30682
-2.1362 10.4745 0.0828239
2.70642 -0.91145 0.745334
-0.318268 6.16773 0.85117
3.12683 -2.69237 0.357827
3.67435 -2.67931 3.41578
3.71451 0.363574 5.03686
3.56625 -0.477008 4.41162
2.32425 1.90429 1.76182
3.65726 -3.02821 3.24438
3.20801 -1.9633 4.52271
-1.68311 8.87005 0.248344
-2.43036 10.202 -0.115
1.10126 3.67803 1.57352
2.55988 0.406934 1.05977
1.52914 2.6868 3.40286
-2.12573 9.29796 0.00131185
0.652863 4.37695 1.35038
-1.32935 6.95971 1.22134
2.05573 -0.0149405 3.36834
2.84421 -1.57523 -0.196767
-2.19281 9.36071 -0.0125488
-2.12616 9.23453 0.0194434
-1.30115 8.63338 2.02207
-0.453705 6.65571 0.89312
0.491577 4.63471 1.28266
0.481537 4.64887 1.27789
-1.60748 6.78213 -1.58294
2.53061 2.93306 2.91583
-0.144592 6.13858 1.06283
3.21078 1.85734 -0.273864
3.07022 1.61505 3.40278
-1.09949 7.99834 0.662927
0.149567 5.246 1.13738
2.28067 1.84618 -0.135456
3.37164 0.938576 4.78756
3.69827 -2.09247 0.298448
3.00208 0.331662 3.38166
3.33704 0.485051 3.07603
4.40045 -2.00513 1.41566
-2.12509 9.06766 0.093291
4.40942 -2.34674 4.82116
0.474274 1.83287 -1.65508
-0.733551 8.11026 -1.2013
3.64743 -0.522926 4.41571
-0.465668 6.42792 0.916856
4.43463 -5.07003 1.16591
3.98987 -3.76165 4.49899
-1.21912 7.45819 0.52636
1.64536 1.75944 1.8947
3.58548 0.66943 3.44023
-0.981567 7.34119 0.720762
4.29279 -1.43119 0.340971
1.34863 3.17443 1.72314
-2.05118 9.4237 0.320475
-0.757904 6.85947 0.811077
-0.884155 7.54191 0.871099
-1.55579 7.95792 0.403847
-1.38297 7.66083 0.481425
-2.19409 9.0356 0.133478
1.44754 5.83451 2.58366
3.27594 -0.59287 4.37334
4.24515 -3.71007 3.09819
2.405 0.0695999 0.825935
3.78885 0.850986 -0.069269
1.50522 2.81914 1.7812
0.868622 3.87055 1.50219
2.67715 2.08696 -0.0317029
-1.741 8.18183 0.366018
0.337555 4.73749 1.27222
3.2894 0.541583 -0.201274
3.41116 0.552436 0.0685955
-0.332153 5.81955 0.9894
-0.897827 6.73956 0.744275
0.603943 4.39432 1.43239
1.25806 5.51448 3.98767
2.90765 -0.22705 1.57363
-2.42523 9.19838 0.102067
3.89609 -1.16025 0.0308386
0.969879 3.21925 1.91442
-2.0217 8.51515 0.293013
0.0611267 3.07472 -0.00543232
2.49194 0.074745 1.04352
3.09842 -2.41964 2.35697
2.61029 -1.11303 4.00703
3.82431 1.68659 3.87489
-0.636139 6.2887 0.91682
1.34564 3.13536 1.75764
3.35583 -3.10601 1.35106
-0.348602 5.8902 1.07397
1.01923 3.57857 1.60013
-0.747437 6.38979 0.870498
0.587494 4.82468 1.83362
2.93628 2.32117 0.930363
-0.882874 6.58697 0.834038
1.00833 3.57565 1.59893
0.00964355 5.5345 1.34398
0.575745 4.31734 1.45396
0.501404 4.59087 1.48664
-0.784821 6.77372 1.05192
-2.08942 11.4988 2.26319
3.45987 1.96705 2.46129
-1.60043 9.68362 1.09134
0.572968 5.28621 3.92898
-1.71408 8.32464 -0.0415542
1.40866 2.92512 1.77266
2.26764 -0.883786 5.08559
-2.42523 8.9132 0.318412
-0.332794 6.15226 1.35238
-0.848907 6.43796 0.930077
-0.803192 6.36052 0.953475
4.04242 1.57307 2.43568
1.02884 3.60381 1.68876
3.30841 -0.215158 3.86209
-2.38208 8.77762 0.402975
-2.17465 8.45644 0.492341
2.8504 -1.28693 0.896185
2.27234 0.0699046 0.811922
0.769287 3.92118 1.57594
0.714386 3.97699 1.54575
0.459106 4.51934 1.53908
-2.36371 8.70072 0.487248
-0.13327 5.28643 1.27375
-2.09348 7.69858 -1.35545
2.7045 -0.140088 2.86825
2.51181 2.9973 2.11111
0.957489 3.59157 1.65018
-0.341339 5.56924 1.21955
1.13757 3.31472 1.71444
0.165802 4.79206 1.39675
-1.27765 7.06272 0.97393
1.298 0.492475 0.803669
-1.30713 7.02684 0.93437
0.0568542 4.94926 1.37819
2.17001 2.37299 0.48625
1.13693 3.32044 1.73563
-2.09882 8.20287 0.715704
-0.916626 6.41383 1.09261
-1.52844 9.44516 2.84259
0.171783 4.76264 1.43935
-1.1091 6.6982 1.05345
-2.45514 8.72231 0.663458
-1.7316 7.62227 0.888813
1.59366 -0.250985 1.18419
1.22922 3.19167 1.7967
-1.36737 7.06602 1.01972
0.550537 4.17742 1.58127
2.65109 3.80933 5.01343
-0.753632 8.58326 3.28293
4.45129 -1.3788 0.319312
2.31976 -1.08391 -0.93979
1.6915 2.46275 1.9143
-1.26483 7.38144 1.46824
0.611847 4.07914 1.62057
3.50922 0.938683 2.01884
4.03387 1.3624 0.77589
3.04715 -2.31225 -0.642046
1.30356 3.04157 1.81583
0.513794 6.97541 2.92855
1.10297 3.41899 1.83103
0.5672 4.13646 1.63066
3.86127 -1.01493 4.99189
0.303375 4.52232 1.56642
-2.14539 8.15359 0.949836
0.431122 4.32891 1.60604
1.41956 1.98318 2.15299
3.35455 -1.6771 2.5003
-0.16745 5.40431 1.64116
-1.08176 6.5473 1.23983
1.00449 5.58347 4.30251
-1.62906 8.94223 -1.04465
2.00787 -0.94876 0.743824
-0.569275 5.76827 1.36625
-0.673309 3.1503 -0.619209
4.34106 1.48016 1.05761
3.33661 2.43317 0.205775
1.48941 2.74319 1.87632
-1.18024 6.65587 1.26161
2.60751 -0.318398 0.11157
-1.43509 4.77592 1.13004
-0.444519 6.76445 -1.41465
0.920319 3.55954 1.74088
2.78717 2.3737 1.78617
2.96704 -1.38476 1.78294
-1.79248 7.74984 1.39351
2.48489 2.08357 3.45984
1.33176 2.95782 1.84111
0.464447 4.19755 1.63488
3.49854 0.219111 0.742427
-0.162323 5.08491 1.48585
-0.255249 5.21248 1.46876
2.78503 0.174812 3.79171
-1.40005 6.82808 1.20665
0.145294 4.89634 1.85128
-0.481903 5.64776 1.57191
4.10181 0.329222 1.9271
3.26056 -0.386231 0.942024
2.80981 2.93856 2.7709
1.60626 2.55298 1.909
1.42447 2.80702 1.86827
1.01346 3.38116 1.77419
3.31375 -1.97047 -0.531037
4.41199 1.50412 4.2198
0.799408 3.73576 1.79822
-0.109985 5.51559 0.713164
-2.15329 7.76846 1.05859
1.69427 1.44507 1.13847
2.10507 1.70099 4.69557
-0.0775146 4.87159 1.5291
3.05634 2.97718 3.66183
-2.44232 8.18637 1.08422
0.772919 3.68519 1.72459
-0.585083 5.79708 1.74631
0.0923157 4.70106 1.69076
-0.584869 6.95431 0.953841
2.18561 3.6241 0.516953
0.945099 3.43701 1.76558
3.07086 2.65703 4.68078
3.93497 -1.30471 -0.346976
2.7359 -1.19332 0.736888
0.142731 4.50938 1.59553
2.24585 3.54978 4.79774
1.49261 2.95893 1.36454
0.4198 4.19978 1.76213
4.31714 -0.0863327 4.67529
-0.415253 5.66091 4.27857
-1.86404 5.71136 2.38607
0.496918 4.00745 1.676
3.31696 1.6038 3.50648
2.6402 -1.18475 3.40019
2.15207 3.07178 0.024873
-2.20734 7.58173 1.10243
4.27228 0.987992 -0.291309
-0.0873413 4.80883 1.63079
3.89545 0.359705 2.61017
-0.632721 4.59011 -0.0390061
1.39413 2.81873 1.90697
-0.921326 5.92818 1.53915
2.62354 -1.85296 1.42545
-1.7536 6.49626 0.558502
-2.28445 7.97431 1.73642
3.57373 -0.384448 5.32544
3.71323 -0.416088 -0.558032
2.45456 3.24083 0.271044
3.24731 -1.41354 -0.229343
0.129486 4.42335 1.61758
2.70984 2.56272 4.57969
3.189 2.06027 2.69114
1.6665 2.42984 1.93182
-1.01447 5.9966 1.60301
1.39798 1.96834 2.41711
-1.42355 6.44217 1.39958
-1.29367 7.07171 0.306847
-1.74762 6.78863 1.24215
0.477692 3.94179 1.69216
0.098938 7.28419 3.74324
3.22723 2.57872 1.84152
0.970734 1.25355 0.836357
0.678711 3.67363 1.73868
-0.492584 5.15173 1.50702
2.47955 3.24937 0.144406
-0.982208 5.78059 1.45992
3.97342 2.38641 4.3391
-1.19839 6.01576 1.37454
-1.18515 5.99205 1.37713
1.29031 2.8879 1.86122
-0.218292 4.77671 1.58078
2.50476 0.278324 4.93172
-2.27271 7.31714 1.16445
0.401642 3.98552 1.69098
-2.43741 7.50239 1.1421
-0.1604 4.6741 1.58232
2.65045 3.6642 2.48843
0.817566 3.45834 1.77402
3.97385 0.596298 3.6595
3.66367 1.08581 3.51453
-0.239655 4.74731 1.57695
2.61371 2.35532 1.55708
3.08752 -1.32959 1.49549
-1.45175 6.22158 1.40776
2.33215 2.05384 3.24787
2.543 2.97624 1.59156
-0.013855 7.26016 3.45745
3.04395 -1.91796 0.112961
0.698792 0.850728 2.8898
-1.87473 4.18715 -0.745532
0.621674 1.05422 1.67656
-1.29089 4.00861 0.477851
-0.601746 5.11631 1.5259
-2.31073 7.15372 1.21449
2.60068 0.499866 2.08895
1.46228 2.66219 1.97952
-0.41333 5.81513 2.31891
2.40543 1.25834 -0.808737
-2.06464 5.06643 0.954315
-2.18427 6.94673 1.24683
1.02841 3.14647 1.82727
1.52808 2.55582 1.9161
0.913055 3.30171 1.90651
3.97769 -0.708858 3.47421
2.58337 1.44626 1.56044
0.212372 4.08954 1.6822
2.03009 0.108404 0.432995
-2.44339 7.17408 1.21994
-1.12427 4.95903 1.51855
3.91809 -2.78645 4.89087
1.43024 2.66834 1.94558
-0.604309 5.01414 1.57333
0.951294 3.23599 1.96108
-0.100586 4.41801 1.6359
-0.551117 4.9326 1.57295
-2.06827 6.7313 1.69689
3.60834 0.0442569 2.52797
4.40814 1.10879 1.90151
-2.08429 6.65609 1.31021
3.70404 -1.19099 0.394443
3.14243 1.47432 1.09285
3.86319 2.02775 2.3617
0.106842 4.14137 1.68027
4.30261 -2.51303 0.0184022
1.72269 2.69229 2.34744
2.20334 2.28826 3.69447
-2.26181 5.07989 4.8549
0.0339966 5.0431 4.39811
1.54346 2.19252 0.671594
3.50772 -0.711732 -0.748035
2.90146 -1.0837 4.47221
2.71753 -1.65571 3.99909
0.419373 3.75274 1.74359
2.12729 -0.186569 4.5608
-1.34985 5.69973 1.45658
0.621674 3.51922 1.7764
2.3736 -0.919533 0.470611
-0.802551 5.08596 1.72095
-2.06442 6.2129 -0.752117
4.41476 -1.9774 0.183932
0.982483 3.10796 1.83946
3.97363 2.75473 0.570389
2.54214 0.352608 1.34717
3.694 0.159174 5.19783
-1.92258 8.62271 3.73168
0.420868 2.55885 0.558683
-1.54916 3.26797 -1.26684
0.296967 3.82792 1.73508
4.0531 -0.814752 1.20097
2.48575 3.21436 3.4617
1.03653 2.29414 0.48341
-1.72433 5.95996 1.62441
3.67456 -1.47582 3.09398
-1.02109 6.81109 4.71084
0.188873 3.91577 1.72229
4.27121 1.9319 0.859501
-0.881378 5.01714 1.94449
2.28452 2.31599 3.63711
-2.25348 6.44252 1.3667
3.56091 1.63881 3.67326
3.43744 -1.16536 4.30153
-2.40451 6.56292 1.45245
2.58978 1.75715 3.5049
0.835724 4.85446 3.03343
-1.29068 5.39306 1.52468
2.41931 3.58145 -0.026652
0.662262 3.37341 1.80677
3.64188 2.81482 3.84226
0.640045 3.39018 1.80356
3.97064 2.63005 4.85098
0.222626 3.80502 1.74722
0.549255 3.47009 1.79367
4.25989 1.92783 0.698726
4.26266 -0.548463 2.09595
4.22784 -1.31402 4.29158
-0.990326 5.00362 1.58135
3.8241 2.01206 2.21985
2.82755 -1.27328 4.38526
3.16614 1.68025 4.71289
4.25284 -1.55789 0.628934
-1.17789 5.0514 2.16077
-0.0591431 4.00094 1.94272
1.61053 3.64426 1.10296
1.32257 4.77929 4.74605
-0.607086 4.52059 1.88311
-2.155 6.08113 1.43677
3.66174 0.172769 -1.00381
2.63614 1.77197 2.96637
0.0301514 3.88988 1.88714
4.00098 1.7656 -0.0942608
1.4877 2.49234 1.95493
3.01938 2.2082 2.29424
1.00876 2.94101 1.94464
3.87494 -0.620597 -0.279889
-0.557526 4.46091 1.66468
2.53275 3.32861 -0.722722
0.897461 3.05599 1.85789
-2.11292 8.1604 2.17712
-1.02835 4.88703 1.60968
0.42749 4.28833 -0.892376
-1.21655 5.05215 1.59257
-0.269135 2.56373 0.0566672
-0.809814 4.74265 -1.11732
-1.2832 5.08621 1.58413
2.02454 2.64075 4.42687
0.993805 2.8762 2.09734
-0.295624 4.02371 2.11401
2.14951 1.98677 1.99022
3.62692 1.31751 0.974556
3.10419 -1.09725 -0.699626
-1.78436 5.49843 1.53747
-0.642548 4.37715 1.86448
-1.15012 2.4474 0.480528
-1.34558 4.86041 2.24073
1.11578 2.80955 1.89389
1.40182 2.52806 1.98253
1.71371 2.26084 1.96565
-0.244354 4.03987 1.73566
-1.71173 5.27114 1.83285
2.09311 2.45914 3.99113
1.25763 2.66978 1.91257
3.60043 1.35361 0.478327
-1.61688 5.24716 1.57401
4.20712 -1.74763 1.53817
0.951721 2.88523 2.01558
-0.208466 3.96799 1.7448
0.599457 3.24493 1.83816
1.16748 2.73817 1.9038
-0.698944 1.77223 3.65687
1.16876 2.73334 1.90579
2.31891 3.34808 -0.319509
3.49683 -1.60068 -0.491096
3.6188 1.65724 2.47186
-0.42572 4.10133 1.77204
-1.51712 3.834 2.29828
-2.29214 5.40748 2.28699
2.78311 0.188613 3.48585
4.47458 -1.22294 3.14195
4.24365 1.47008 -0.235305
2.28152 -0.410043 3.63544
0.056427 5.23584 -0.331635
0.819702 3.00981 1.87148
-0.841431 4.36794 1.81635
-2.08365 5.46656 1.56441
0.13269 3.44411 2.0966
3.3804 1.83207 2.39938
-0.0305176 3.70563 1.78792
-0.482971 6.22016 0.115136
0.731262 3.05728 1.87031
-0.95401 4.45511 1.69803
-1.38467 5.62261 1.34527
3.45175 -2.13694 0.220301
4.48441 -2.94555 -0.27411
4.26202 2.92837 4.10586
2.92902 0.535864 3.06793
-2.34982 5.52121 1.63495
-2.35132 5.36853 1.91214
0.227325 3.44178 1.82273
2.69275 1.51904 2.44025
2.68015 2.47212 0.0331635
-2.41199 5.559 1.5588
1.55115 1.9318 4.19108
4.16055 -0.574493 4.74867
3.35498 1.8006 3.49259
-0.37915 6.63128 2.53145
-2.38635 2.93752 -0.569694
-1.62735 3.19116 3.80614
-0.930084 4.28352 1.77453
-2.00803 5.15298 1.61701
2.58466 -0.484135 0.988124
4.18597 -1.45473 -0.754131
-1.33575 4.60189 1.68125
-0.84314 3.96121 2.16088
-1.34515 4.59435 1.68779
-0.8927 4.23702 1.73001
-1.14948 4.4286 1.70605
1.2478 2.8808 2.89145
3.04822 -1.69199 -0.604734
3.57971 -0.485678 3.05491
4.36862 -1.53608 -0.651644
-1.84738 6.22963 3.23674
3.5199 -0.44219 1.24336
-1.04587 4.22034 1.83257
0.712463 2.41851 2.6573
-2.08771 6.40903 2.80593
1.72375 2.76845 3.87366
-1.24454 4.14213 2.12483
0.145721 3.34041 1.88589
1.42896 2.42257 1.94797
4.22742 -2.4083 2.59391
-0.157623 2.89965 0.916368
-0.118103 3.55328 1.80702
1.71136 -0.269712 0.710633
4.35175 2.63752 -0.277771
2.13199 2.87034 1.73982
0.486664 0.255067 0.740877
-1.1123 3.98227 2.10779
-2.47266 4.84612 2.14085
4.06229 1.73739 2.88021
2.94611 1.72922 4.83316
1.53555 0.513718 2.26501
-1.61197 6.31766 1.16397
3.8508 -2.27238 3.50183
0.714386 2.90564 1.88858
-0.856812 4.00612 1.75241
-2.13086 4.64345 1.98145
2.64084 2.12538 -0.785143
-2.36243 5.03431 1.63162
0.601166 1.61998 -0.177404
0.827606 2.81025 1.901
2.77542 3.28288 2.98915
-0.281952 3.56694 1.8073
3.37869 -1.06451 -0.282288
-0.471863 3.68636 1.79126
3.0213 3.07722 3.94852
2.89227 0.193333 -0.338715
2.34283 4.59682 1.68504
3.08603 0.357241 1.1445
1.13544 2.58022 1.92699
-2.31885 4.88883 1.6353
4.19644 3.43285 2.77091
1.0925 2.60298 1.92337
2.59256 4.27623 3.27229
2.98434 -0.602258 0.586998
-1.8446 4.5289 1.68389
0.474487 3.00006 1.87457
2.00745 4.26346 1.47064
3.90121 0.892132 -0.0519478
0.320251 2.93639 2.04834
-1.95377 4.30757 1.97589
-1.75018 4.40845 1.69999
-2.37759 4.80166 1.64979
-0.802551 3.7874 1.7758
-1.62073 4.30117 1.71034
-0.635071 3.6013 1.86868
4.16205 0.112845 2.08737
-1.86212 4.36055 1.77057
2.79657 4.27724 -0.820918
0.115387 3.09255 1.95102
-1.28854 4.03749 1.75427
-1.10483 3.7953 1.90723
-0.776917 3.71552 1.78402
-1.75381 4.31068 1.70804
-2.11334 4.18878 2.05761
-0.021759 3.203 1.87933
2.08072 0.511942 3.0952
1.31638 2.41473 1.94835
0.608429 2.84113 1.89486
1.64087 2.99233 2.11647
2.67267 0.0257187 2.08448
2.41589 1.79851 1.45786
-0.258453 5.32745 0.915942
2.15677 1.37903 -0.578682
-0.607086 5.85269 0.748599
-0.827972 6.1854 0.636289
1.62186 2.56049 1.81765
2.25397 0.407912 0.571932
-0.478271 5.68436 0.799415
1.11813 3.313 1.57278
0.396942 4.39034 1.21985
3.96381 -2.65326 4.19461
2.56821 3.7364 0.672504
0.617615 4.07051 1.32417
3.8822 -2.17279 3.76592
2.71988 -0.978208 2.74612
-1.25778 6.90115 0.400067
0.0389099 4.95471 1.03253
-1.45581 7.21443 0.295133
2.47293 1.20716 4.08922
3.67114 0.0258138 0.045124
1.05405 3.43364 1.52913
1.07199 3.40851 1.53806
3.41736 1.72885 0.446777
-1.02536 6.60527 0.48732
3.06339 -0.695168 5.35738
-1.0824 6.70579 0.451951
-0.907013 6.4445 0.540034
-0.412689 5.6941 0.782932
0.170502 4.80523 1.07712
-0.277039 5.49652 0.8463
-1.24817 6.99496 0.354261
-1.10312 6.7788 0.420857
3.25116 1.46661 4.6992
-0.116394 5.26865 0.922991
-0.631866 6.07062 0.660672
-1.02109 6.67933 0.455889
3.49939 1.71591 3.14542
0.0239563 5.06945 0.985631
0.428986 4.4438 1.19005
0.481323 4.36576 1.21704
1.39285 2.94715 1.68698
2.57248 -1.8026 1.72989
4.23489 -2.59848 2.98543
2.03885 1.73717 -0.682069
0.664398 4.09541 1.30549
-2.25177 8.68 -0.220369
4.26544 -2.60159 0.733113
0.667389 4.0996 1.30408
3.6955 -1.66674 4.15236
0.067749 5.05725 0.982348
4.05139 -3.44335 1.68715
1.07477 3.47009 1.51066
2.62311 0.538534 -0.578526
-1.08133 6.90958 0.363472
3.29922 2.51429 1.38335
3.59659 0.560457 5.22035
0.785522 3.94316 1.34958
-1.55792 7.70058 0.0945349
2.93521 2.95129 1.71057
1.3764 3.00191 1.66603
0.363831 4.63241 1.1201
3.82132 -1.95461 5.52868
1.24075 3.22492 1.59001
-2.44638 9.19326 -0.410926
2.59427 2.11834 0.152243
2.68164 -0.618041 2.30923
4.42053 1.02696 3.10764
-1.08987 7.0262 0.317735
-2.36264 9.09656 -0.394605
-2.47479 9.26905 -0.456164
-0.202698 5.57327 0.790964
-2.13962 8.70618 -0.27219
0.439026 4.52531 1.1432
3.52481 -2.33622 3.20426
1.05191 3.52958 1.4796
0.816498 3.90675 1.35039
-0.802124 6.50831 0.461945
0.792999 3.93925 1.34017
4.20264 -2.85933 1.5124
2.92175 -2.24669 0.797715
4.42096 0.925415 5.36051
-2.38614 9.00808 -0.397756
4.05353 -3.71274 3.22935
-0.105286 5.35442 0.849111
0.649017 4.14956 1.26146
3.33383 2.06404 4.77335
-2.3244 8.86138 -0.364006
-0.983276 6.72684 0.369142
4.16653 -1.04598 3.46928
0.786377 3.91752 1.33925
3.08432 -0.252991 4.8008
1.276 3.1407 1.60582
2.60986 3.72151 4.00251
2.25717 2.30695 0.473573
2.60217 1.65145 4.43283
-1.56497 7.58512 0.0590708
-1.21869 7.03546 0.247603
-1.27573 7.11741 0.223828
4.07596 -3.38574 5.09456
0.952148 3.62999 1.43183
3.06403 2.28538 0.328586
-1.46585 7.37592 0.120739
-0.631866 6.07647 0.572944
-1.9794 8.15481 -0.157719
1.40161 2.92418 1.67554
3.11679 -0.0411262 5.08663
3.23386 -0.742241 0.343035
3.1781 -1.7436 4.69245
0.148926 4.84243 1.00042
-0.0847778 5.19666 0.87422
1.60242 2.60874 1.78531
-0.936493 6.48957 0.414294
3.03262 -1.31597 0.599853
-2.05481 8.18133 -0.189597
2.58487 1.91115 5.00455
0.270477 4.62887 1.06606
2.06042 1.57375 3.25046
0.670593 4.01479 1.28212
2.26294 2.70511 2.61403
0.085907 4.89241 0.96639
0.0412598 4.95552 0.94228
-2.42438 8.65623 -0.389164
1.2038 3.19607 1.57182
3.26761 2.05305 4.2694
1.18927 3.21429 1.56401
-1.48508 7.21213 0.133548
4.17786 1.14312 4.64687
-0.0337219 5.03251 0.919868
1.3811 2.92147 1.67267
3.47226 -2.63615 2.5965
-1.95056 7.87317 -0.07185
1.54132 2.68088 1.76047
-1.94885 7.86185 -0.0534033
3.27786 1.0686 2.92221
0.178406 4.70406 1.06087
1.12497 3.29699 1.55082
-1.27487 6.84681 0.326177
2.47272 -0.0535034 1.23861
0.801758 3.7734 1.39289
3.51605 -2.90952 4.80254
-2.18256 8.17159 -0.100573
-1.74634 7.52793 0.126831
0.684906 3.94049 1.34538
-1.69635 7.45417 0.168253
-0.552399 5.76053 0.740817
3.88049 -2.21346 0.228219
-0.940765 6.33273 0.562292
4.46048 -2.59577 1.58244
1.69769 2.44406 1.85355
3.91574 -2.2274 2.64146
0.716095 3.88306 1.38658
3.29196 -2.74632 3.07418
-1.86874 7.69135 0.1516
-0.854248 6.19257 0.629961
